id			last val		val acc		test acc
0.28_0.34_6.10e+00_7.32e-04_69.5__1380			0.015461		0.980000		0.971667
0.28_0.34_6.10e+00_7.32e-04_70.0__1398			0.015542		0.966667		0.971667
0.28_0.34_6.10e+00_7.32e-04_69.5__1383			0.013524		0.980000		0.978333
0.28_0.34_6.10e+00_7.32e-04_64.0__1279			0.028452		0.948333		0.953333
0.28_0.34_6.10e+00_7.32e-04_66.5__1329			0.027217		0.946667		0.950000
0.28_0.34_6.10e+00_7.32e-04_68.5__1361			0.013674		0.981667		0.981667
0.28_0.34_6.10e+00_7.32e-04_66.0__1315			0.027014		0.978333		0.956667
0.28_0.34_6.10e+00_7.32e-04_69.0__1370			0.016323		0.978333		0.970000
0.28_0.34_6.10e+00_7.32e-04_66.0__1319			0.027849		0.945000		0.950000
0.28_0.34_6.10e+00_7.32e-04_66.5__1322			0.021268		0.951667		0.966667
0.28_0.34_6.10e+00_7.32e-04_69.5__1389			0.024134		0.951667		0.951667
0.28_0.34_6.10e+00_7.32e-04_69.5__1384			0.019272		0.975000		0.976667
0.28_0.34_6.10e+00_7.32e-04_61.4__1223			0.014128		0.980000		0.973333
0.28_0.34_6.10e+00_7.32e-04_61.9__1236			0.021217		0.971667		0.960000
0.28_0.34_6.10e+00_7.32e-04_70.0__1399			0.025199		0.951667		0.951667
0.28_0.34_6.10e+00_7.32e-04_70.0__1394			0.017003		0.973333		0.975000
0.28_0.34_6.10e+00_7.32e-04_67.5__1346			0.023924		0.973333		0.961667
0.28_0.34_6.10e+00_7.32e-04_65.5__1309			0.026042		0.948333		0.955000
0.28_0.34_6.10e+00_7.32e-04_68.0__1350			0.015267		0.981667		0.973333
0.28_0.34_6.10e+00_7.32e-04_51.4__1027			0.021899		0.971667		0.971667
0.28_0.34_6.10e+00_7.32e-04_59.4__1186			0.023244		0.970000		0.961667
0.28_0.34_6.10e+00_7.32e-04_67.0__1335			0.029471		0.975000		0.958333
0.28_0.34_6.10e+00_7.32e-04_68.0__1353			0.013241		0.980000		0.973333
0.28_0.34_6.10e+00_7.32e-04_65.0__1298			0.016384		0.970000		0.968333
0.28_0.34_6.10e+00_7.32e-04_66.0__1310			0.014167		0.978333		0.973333
0.28_0.34_6.10e+00_7.32e-04_66.5__1324			0.019098		0.971667		0.973333
0.28_0.34_6.10e+00_7.32e-04_65.0__1291			0.012944		0.978333		0.976667
0.28_0.34_6.10e+00_7.32e-04_68.0__1354			0.018541		0.975000		0.975000
0.28_0.34_6.10e+00_7.32e-04_68.5__1364			0.019314		0.973333		0.968333
0.28_0.34_6.10e+00_7.32e-04_58.9__1170			0.015443		0.978333		0.970000
0.28_0.34_6.10e+00_7.32e-04_66.0__1316			0.024102		0.973333		0.961667
0.28_0.34_6.10e+00_7.32e-04_67.5__1343			0.013203		0.985000		0.970000
0.28_0.34_6.10e+00_7.32e-04_57.9__1157			0.020866		0.976667		0.978333
0.28_0.34_6.10e+00_7.32e-04_64.5__1289			0.029689		0.946667		0.950000
0.28_0.34_6.10e+00_7.32e-04_66.5__1327			0.020673		0.968333		0.968333
0.28_0.34_6.10e+00_7.32e-04_62.4__1249			0.026377		0.950000		0.955000
0.28_0.34_6.10e+00_7.32e-04_66.5__1328			0.016096		0.965000		0.971667
0.28_0.34_6.10e+00_7.32e-04_67.5__1341			0.013631		0.981667		0.980000
0.28_0.34_6.10e+00_7.32e-04_69.5__1385			0.031523		0.975000		0.951667
0.28_0.34_6.10e+00_7.32e-04_57.9__1155			0.026601		0.976667		0.956667
0.28_0.34_6.10e+00_7.32e-04_69.0__1375			0.031769		0.970000		0.948333
0.28_0.34_6.10e+00_7.32e-04_65.5__1302			0.021799		0.958333		0.975000
0.28_0.34_6.10e+00_7.32e-04_65.5__1306			0.022189		0.970000		0.961667
0.28_0.34_6.10e+00_7.32e-04_64.0__1277			0.021639		0.975000		0.975000
0.28_0.34_6.10e+00_7.32e-04_64.0__1273			0.013197		0.981667		0.970000
0.28_0.34_6.10e+00_7.32e-04_68.0__1357			0.020443		0.973333		0.973333
0.28_0.34_6.10e+00_7.32e-04_62.4__1248			0.017600		0.970000		0.966667
0.28_0.34_6.10e+00_7.32e-04_70.0__1393			0.012941		0.981667		0.973333
0.28_0.34_6.10e+00_7.32e-04_66.5__1325			0.028496		0.970000		0.953333
0.28_0.34_6.10e+00_7.32e-04_62.4__1246			0.020556		0.973333		0.958333
0.28_0.34_6.10e+00_7.32e-04_61.4__1221			0.013308		0.976667		0.981667
0.28_0.34_6.10e+00_7.32e-04_63.5__1269			0.025733		0.946667		0.951667
0.28_0.34_6.10e+00_7.32e-04_59.4__1185			0.029282		0.968333		0.951667
0.28_0.34_6.10e+00_7.32e-04_60.9__1212			0.024748		0.955000		0.961667
0.28_0.34_6.10e+00_7.32e-04_68.0__1359			0.030206		0.943333		0.948333
0.28_0.34_6.10e+00_7.32e-04_51.4__1023			0.014784		0.981667		0.970000
0.28_0.34_6.10e+00_7.32e-04_59.9__1192			0.025645		0.956667		0.955000
0.28_0.34_6.10e+00_7.32e-04_70.0__1395			0.026032		0.975000		0.965000
0.28_0.34_6.10e+00_7.32e-04_67.5__1349			0.029052		0.956667		0.951667
0.28_0.34_6.10e+00_7.32e-04_69.5__1381			0.013377		0.978333		0.978333
0.28_0.34_6.10e+00_7.32e-04_67.5__1342			0.026827		0.955000		0.965000
0.28_0.34_6.10e+00_7.32e-04_62.9__1252			0.022988		0.948333		0.961667
0.28_0.34_6.10e+00_7.32e-04_57.9__1151			0.013566		0.976667		0.970000
0.28_0.34_6.10e+00_7.32e-04_68.5__1369			0.025702		0.953333		0.951667
0.28_0.34_6.10e+00_7.32e-04_60.4__1200			0.014254		0.978333		0.966667
0.28_0.34_6.10e+00_7.32e-04_66.0__1318			0.016391		0.970000		0.971667
0.28_0.34_6.10e+00_7.32e-04_54.9__1099			0.030122		0.948333		0.956667
0.28_0.34_6.10e+00_7.32e-04_65.5__1304			0.018195		0.973333		0.968333
0.28_0.34_6.10e+00_7.32e-04_61.9__1233			0.013200		0.976667		0.973333
0.28_0.34_6.10e+00_7.32e-04_65.0__1299			0.030025		0.951667		0.950000
0.28_0.34_6.10e+00_7.32e-04_68.5__1362			0.023751		0.956667		0.965000
0.28_0.34_6.10e+00_7.32e-04_49.4__980			0.014021		0.976667		0.970000
0.28_0.34_6.10e+00_7.32e-04_62.9__1258			0.018500		0.968333		0.956667
0.28_0.34_6.10e+00_7.32e-04_60.9__1213			0.014346		0.980000		0.973333
0.28_0.34_6.10e+00_7.32e-04_65.0__1290			0.015384		0.981667		0.978333
0.28_0.34_6.10e+00_7.32e-04_51.4__1020			0.014031		0.980000		0.970000
0.28_0.34_6.10e+00_7.32e-04_61.4__1228			0.016772		0.970000		0.970000
0.28_0.34_6.10e+00_7.32e-04_63.5__1262			0.021422		0.966667		0.971667
0.28_0.34_6.10e+00_7.32e-04_56.4__1120			0.014571		0.981667		0.975000
0.28_0.34_6.10e+00_7.32e-04_51.9__1035			0.026291		0.976667		0.958333
0.28_0.34_6.10e+00_7.32e-04_51.4__1025			0.029062		0.971667		0.968333
0.28_0.34_6.10e+00_7.32e-04_53.4__1064			0.018796		0.970000		0.976667
0.28_0.34_6.10e+00_7.32e-04_54.4__1084			0.022627		0.968333		0.973333
0.28_0.34_6.10e+00_7.32e-04_56.4__1129			0.029380		0.956667		0.951667
0.28_0.34_6.10e+00_7.32e-04_58.4__1164			0.021488		0.966667		0.973333
0.28_0.34_6.10e+00_7.32e-04_65.0__1297			0.019638		0.971667		0.970000
0.28_0.34_6.10e+00_7.32e-04_59.4__1189			0.028714		0.951667		0.955000
0.28_0.34_6.10e+00_7.32e-04_61.4__1227			0.020105		0.975000		0.976667
0.28_0.34_6.10e+00_7.32e-04_67.5__1345			0.027959		0.973333		0.956667
0.28_0.34_6.10e+00_7.32e-04_67.5__1340			0.013829		0.980000		0.970000
0.28_0.34_6.10e+00_7.32e-04_52.4__1043			0.013196		0.981667		0.971667
0.28_0.34_6.10e+00_7.32e-04_66.5__1323			0.013236		0.981667		0.970000
0.28_0.34_6.10e+00_7.32e-04_62.4__1243			0.014203		0.975000		0.973333
0.28_0.34_6.10e+00_7.32e-04_68.5__1360			0.015798		0.976667		0.973333
0.28_0.34_6.10e+00_7.32e-04_55.9__1117			0.021602		0.975000		0.970000
0.28_0.34_6.10e+00_7.32e-04_57.4__1144			0.020135		0.973333		0.980000
0.28_0.34_6.10e+00_7.32e-04_64.0__1270			0.017156		0.981667		0.975000
0.28_0.34_6.10e+00_7.32e-04_65.5__1301			0.014405		0.978333		0.976667
0.28_0.34_6.10e+00_7.32e-04_54.4__1081			0.016631		0.975000		0.978333
0.28_0.34_6.10e+00_7.32e-04_56.9__1139			0.025106		0.946667		0.945000
0.28_0.34_6.10e+00_7.32e-04_56.4__1123			0.014371		0.983333		0.973333
0.28_0.34_6.10e+00_7.32e-04_64.0__1278			0.018461		0.965000		0.970000
0.28_0.34_6.10e+00_7.32e-04_60.9__1219			0.030397		0.948333		0.951667
0.28_0.34_6.10e+00_7.32e-04_59.4__1184			0.018879		0.968333		0.978333
0.28_0.34_6.10e+00_7.32e-04_68.0__1352			0.022044		0.956667		0.975000
0.28_0.34_6.10e+00_7.32e-04_63.5__1263			0.013718		0.978333		0.971667
0.28_0.34_6.10e+00_7.32e-04_58.9__1171			0.015774		0.976667		0.978333
0.28_0.34_6.10e+00_7.32e-04_69.0__1373			0.013046		0.985000		0.973333
0.28_0.34_6.10e+00_7.32e-04_49.4__988			0.015578		0.966667		0.968333
0.28_0.34_6.10e+00_7.32e-04_63.5__1268			0.017173		0.970000		0.970000
0.28_0.34_6.10e+00_7.32e-04_61.4__1224			0.019639		0.966667		0.978333
0.28_0.34_6.10e+00_7.32e-04_55.9__1115			0.027825		0.970000		0.958333
0.28_0.34_6.10e+00_7.32e-04_50.9__1010			0.014104		0.975000		0.975000
0.28_0.34_6.10e+00_7.32e-04_60.4__1205			0.028135		0.973333		0.955000
0.28_0.34_6.10e+00_7.32e-04_53.4__1060			0.015652		0.973333		0.970000
0.28_0.34_6.10e+00_7.32e-04_52.9__1050			0.014896		0.985000		0.975000
0.28_0.34_6.10e+00_7.32e-04_56.9__1137			0.019924		0.980000		0.973333
0.28_0.34_6.10e+00_7.32e-04_50.9__1017			0.022180		0.970000		0.971667
0.28_0.34_6.10e+00_7.32e-04_57.9__1153			0.014662		0.983333		0.975000
0.28_0.34_6.10e+00_7.32e-04_49.9__997			0.019915		0.981667		0.978333
0.28_0.34_6.10e+00_7.32e-04_64.5__1280			0.016926		0.981667		0.976667
0.28_0.34_6.10e+00_7.32e-04_54.9__1094			0.023533		0.968333		0.968333
0.28_0.34_6.10e+00_7.32e-04_50.4__1002			0.027018		0.948333		0.945000
0.28_0.34_6.10e+00_7.32e-04_65.0__1296			0.021136		0.973333		0.966667
0.28_0.34_6.10e+00_7.32e-04_64.5__1284			0.019814		0.973333		0.973333
0.28_0.34_6.10e+00_7.32e-04_70.0__1397			0.020407		0.980000		0.973333
0.28_0.34_6.10e+00_7.32e-04_58.4__1169			0.030912		0.945000		0.948333
0.28_0.34_6.10e+00_7.32e-04_64.0__1276			0.022930		0.970000		0.961667
0.28_0.34_6.10e+00_7.32e-04_42.3__840			0.015182		0.978333		0.966667
0.28_0.34_6.10e+00_7.32e-04_59.9__1194			0.021197		0.970000		0.975000
0.28_0.34_6.10e+00_7.32e-04_55.4__1107			0.018600		0.981667		0.980000
0.28_0.34_6.10e+00_7.32e-04_48.8__977			0.018223		0.975000		0.970000
0.28_0.34_6.10e+00_7.32e-04_58.9__1179			0.027042		0.955000		0.950000
0.28_0.34_6.10e+00_7.32e-04_49.9__999			0.028280		0.948333		0.953333
0.28_0.34_6.10e+00_7.32e-04_57.4__1140			0.016457		0.976667		0.976667
0.28_0.34_6.10e+00_7.32e-04_61.4__1229			0.029069		0.950000		0.946667
0.28_0.34_6.10e+00_7.32e-04_65.0__1295			0.028567		0.980000		0.960000
0.28_0.34_6.10e+00_7.32e-04_57.4__1143			0.014594		0.981667		0.975000
0.28_0.34_6.10e+00_7.32e-04_44.3__888			0.014952		0.973333		0.971667
0.28_0.34_6.10e+00_7.32e-04_54.4__1087			0.021847		0.973333		0.966667
0.28_0.34_6.10e+00_7.32e-04_53.4__1067			0.019480		0.973333		0.971667
0.28_0.34_6.10e+00_7.32e-04_52.4__1047			0.019697		0.971667		0.973333
0.28_0.34_6.10e+00_7.32e-04_50.9__1013			0.012723		0.981667		0.968333
0.28_0.34_6.10e+00_7.32e-04_62.4__1241			0.013277		0.975000		0.978333
0.28_0.34_6.10e+00_7.32e-04_70.0__1396			0.021924		0.975000		0.963333
0.28_0.34_6.10e+00_7.32e-04_65.5__1307			0.020957		0.968333		0.966667
0.28_0.34_6.10e+00_7.32e-04_67.0__1334			0.018057		0.980000		0.971667
0.28_0.34_6.10e+00_7.32e-04_62.4__1245			0.025308		0.975000		0.963333
0.28_0.34_6.10e+00_7.32e-04_67.5__1344			0.018790		0.973333		0.970000
0.28_0.34_6.10e+00_7.32e-04_50.9__1012			0.020614		0.956667		0.970000
0.28_0.34_6.10e+00_7.32e-04_67.0__1336			0.023150		0.976667		0.956667
0.28_0.34_6.10e+00_7.32e-04_61.4__1225			0.026278		0.976667		0.958333
0.28_0.34_6.10e+00_7.32e-04_57.4__1148			0.016514		0.961667		0.965000
0.28_0.34_6.10e+00_7.32e-04_47.3__945			0.026703		0.975000		0.950000
0.28_0.34_6.10e+00_7.32e-04_47.8__957			0.018538		0.980000		0.965000
0.28_0.34_6.10e+00_7.32e-04_43.8__875			0.028449		0.975000		0.961667
0.28_0.34_6.10e+00_7.32e-04_67.0__1330			0.014341		0.978333		0.976667
0.28_0.34_6.10e+00_7.32e-04_45.8__910			0.014752		0.985000		0.976667
0.28_0.34_6.10e+00_7.32e-04_49.9__995			0.029167		0.971667		0.956667
0.28_0.34_6.10e+00_7.32e-04_59.9__1197			0.018992		0.975000		0.976667
0.28_0.34_6.10e+00_7.32e-04_59.9__1190			0.016565		0.983333		0.973333
0.28_0.34_6.10e+00_7.32e-04_59.9__1191			0.014957		0.973333		0.976667
0.28_0.34_6.10e+00_7.32e-04_66.0__1314			0.018108		0.973333		0.970000
0.28_0.34_6.10e+00_7.32e-04_67.5__1347			0.020362		0.973333		0.971667
0.28_0.34_6.10e+00_7.32e-04_62.9__1259			0.025440		0.950000		0.953333
0.28_0.34_6.10e+00_7.32e-04_46.3__923			0.012723		0.981667		0.973333
0.28_0.34_6.10e+00_7.32e-04_44.8__899			0.024241		0.951667		0.953333
0.28_0.34_6.10e+00_7.32e-04_46.3__926			0.020432		0.971667		0.960000
0.28_0.34_6.10e+00_7.32e-04_65.5__1308			0.016165		0.966667		0.971667
0.28_0.34_6.10e+00_7.32e-04_53.9__1072			0.023143		0.950000		0.968333
0.28_0.34_6.10e+00_7.32e-04_60.4__1202			0.024214		0.958333		0.971667
0.28_0.34_6.10e+00_7.32e-04_55.4__1101			0.017307		0.973333		0.973333
0.28_0.34_6.10e+00_7.32e-04_57.4__1147			0.020603		0.985000		0.976667
0.28_0.34_6.10e+00_7.32e-04_69.5__1386			0.021825		0.973333		0.963333
0.28_0.34_6.10e+00_7.32e-04_52.9__1053			0.013520		0.980000		0.968333
0.28_0.34_6.10e+00_7.32e-04_68.0__1356			0.022596		0.978333		0.965000
0.28_0.34_6.10e+00_7.32e-04_56.4__1124			0.020047		0.971667		0.973333
0.28_0.34_6.10e+00_7.32e-04_45.3__908			0.015530		0.963333		0.965000
0.28_0.34_6.10e+00_7.32e-04_66.0__1317			0.021022		0.975000		0.976667
0.28_0.34_6.10e+00_7.32e-04_48.8__978			0.015763		0.966667		0.965000
0.28_0.34_6.10e+00_7.32e-04_49.9__990			0.014498		0.970000		0.971667
0.28_0.34_6.10e+00_7.32e-04_50.4__1008			0.018487		0.961667		0.963333
0.28_0.34_6.10e+00_7.32e-04_61.4__1220			0.016111		0.976667		0.975000
0.28_0.34_6.10e+00_7.32e-04_58.4__1161			0.016803		0.971667		0.975000
0.28_0.34_6.10e+00_7.32e-04_59.4__1182			0.020323		0.955000		0.966667
0.28_0.34_6.10e+00_7.32e-04_53.4__1066			0.022912		0.965000		0.956667
0.28_0.34_6.10e+00_7.32e-04_47.3__944			0.020163		0.970000		0.985000
0.28_0.34_6.10e+00_7.32e-04_56.4__1125			0.029027		0.970000		0.956667
0.28_0.34_6.10e+00_7.32e-04_52.9__1056			0.021441		0.971667		0.958333
0.28_0.34_6.10e+00_7.32e-04_59.9__1193			0.013359		0.985000		0.971667
0.28_0.34_6.10e+00_7.32e-04_54.9__1096			0.022329		0.976667		0.960000
0.28_0.34_6.10e+00_7.32e-04_43.8__873			0.013521		0.975000		0.971667
0.28_0.34_6.10e+00_7.32e-04_68.0__1351			0.014546		0.975000		0.980000
0.28_0.34_6.10e+00_7.32e-04_41.8__831			0.014323		0.980000		0.986667
0.28_0.34_6.10e+00_7.32e-04_45.3__903			0.013837		0.976667		0.971667
0.28_0.34_6.10e+00_7.32e-04_40.8__810			0.015453		0.976667		0.970000
0.28_0.34_6.10e+00_7.32e-04_58.9__1173			0.013284		0.981667		0.973333
0.28_0.34_6.10e+00_7.32e-04_57.4__1146			0.022984		0.970000		0.960000
0.28_0.34_6.10e+00_7.32e-04_34.7__698			0.017137		0.968333		0.958333
0.28_0.34_6.10e+00_7.32e-04_59.4__1188			0.016283		0.968333		0.975000
0.28_0.34_6.10e+00_7.32e-04_45.8__917			0.019248		0.973333		0.976667
0.28_0.34_6.10e+00_7.32e-04_55.4__1104			0.020061		0.970000		0.975000
0.28_0.34_6.10e+00_7.32e-04_55.4__1100			0.015420		0.980000		0.975000
0.28_0.34_6.10e+00_7.32e-04_46.8__931			0.015091		0.966667		0.976667
0.28_0.34_6.10e+00_7.32e-04_60.4__1203			0.014182		0.980000		0.970000
0.28_0.34_6.10e+00_7.32e-04_44.8__895			0.029473		0.973333		0.960000
0.28_0.34_6.10e+00_7.32e-04_55.4__1109			0.032952		0.945000		0.948333
0.28_0.34_6.10e+00_7.32e-04_66.5__1326			0.023160		0.978333		0.963333
0.28_0.34_6.10e+00_7.32e-04_35.3__705			0.029535		0.970000		0.960000
0.28_0.34_6.10e+00_7.32e-04_55.9__1119			0.029906		0.945000		0.951667
0.28_0.34_6.10e+00_7.32e-04_45.3__905			0.031267		0.966667		0.958333
0.28_0.34_6.10e+00_7.32e-04_70.0__1391			0.013903		0.975000		0.978333
0.28_0.34_6.10e+00_7.32e-04_66.0__1311			0.014101		0.975000		0.978333
0.28_0.34_6.10e+00_7.32e-04_60.4__1201			0.015736		0.968333		0.975000
0.28_0.34_6.10e+00_7.32e-04_54.4__1085			0.029007		0.970000		0.956667
0.28_0.34_6.10e+00_7.32e-04_61.9__1235			0.025909		0.973333		0.958333
0.28_0.34_6.10e+00_7.32e-04_56.9__1130			0.016723		0.980000		0.976667
0.28_0.34_6.10e+00_7.32e-04_69.5__1387			0.019748		0.976667		0.975000
0.28_0.34_6.10e+00_7.32e-04_63.5__1260			0.014116		0.978333		0.970000
0.28_0.34_6.10e+00_7.32e-04_67.0__1338			0.016865		0.970000		0.970000
0.28_0.34_6.10e+00_7.32e-04_64.5__1282			0.020687		0.960000		0.971667
0.28_0.34_6.10e+00_7.32e-04_61.9__1238			0.016746		0.970000		0.970000
0.28_0.34_6.10e+00_7.32e-04_66.0__1312			0.023067		0.953333		0.970000
0.28_0.34_6.10e+00_7.32e-04_69.0__1371			0.014570		0.975000		0.976667
0.28_0.34_6.10e+00_7.32e-04_54.9__1097			0.019225		0.975000		0.975000
0.28_0.34_6.10e+00_7.32e-04_61.9__1237			0.020807		0.973333		0.973333
0.28_0.34_6.10e+00_7.32e-04_59.9__1196			0.025941		0.975000		0.960000
0.28_0.34_6.10e+00_7.32e-04_65.5__1303			0.013147		0.986667		0.975000
0.28_0.34_6.10e+00_7.32e-04_62.4__1247			0.019871		0.973333		0.978333
0.28_0.34_6.10e+00_7.32e-04_41.3__827			0.019472		0.971667		0.973333
0.28_0.34_6.10e+00_7.32e-04_53.9__1076			0.022786		0.965000		0.953333
0.28_0.34_6.10e+00_7.32e-04_50.9__1018			0.016155		0.963333		0.963333
0.28_0.34_6.10e+00_7.32e-04_67.0__1332			0.020887		0.955000		0.970000
0.28_0.34_6.10e+00_7.32e-04_53.9__1079			0.031031		0.946667		0.953333
0.28_0.34_6.10e+00_7.32e-04_46.3__922			0.023394		0.965000		0.970000
0.28_0.34_6.10e+00_7.32e-04_39.8__795			0.027884		0.968333		0.963333
0.28_0.34_6.10e+00_7.32e-04_48.3__962			0.021118		0.953333		0.971667
0.28_0.34_6.10e+00_7.32e-04_53.9__1071			0.014783		0.975000		0.980000
0.28_0.34_6.10e+00_7.32e-04_47.8__951			0.017566		0.970000		0.975000
0.28_0.34_6.10e+00_7.32e-04_64.0__1272			0.022488		0.956667		0.971667
0.28_0.34_6.10e+00_7.32e-04_62.9__1250			0.014423		0.981667		0.968333
0.28_0.34_6.10e+00_7.32e-04_59.9__1198			0.017354		0.970000		0.976667
0.28_0.34_6.10e+00_7.32e-04_46.8__934			0.022272		0.973333		0.983333
0.28_0.34_6.10e+00_7.32e-04_41.8__833			0.014195		0.976667		0.973333
0.28_0.34_6.10e+00_7.32e-04_60.9__1210			0.014011		0.983333		0.978333
0.28_0.34_6.10e+00_7.32e-04_43.3__869			0.025378		0.951667		0.953333
0.28_0.34_6.10e+00_7.32e-04_45.8__916			0.021612		0.971667		0.963333
0.28_0.34_6.10e+00_7.32e-04_39.3__787			0.017796		0.980000		0.978333
0.28_0.34_6.10e+00_7.32e-04_37.3__740			0.014445		0.975000		0.971667
0.28_0.34_6.10e+00_7.32e-04_45.3__906			0.020377		0.973333		0.963333
0.28_0.34_6.10e+00_7.32e-04_63.5__1264			0.019710		0.966667		0.980000
0.28_0.34_6.10e+00_7.32e-04_57.9__1159			0.035496		0.945000		0.946667
0.28_0.34_6.10e+00_7.32e-04_59.4__1181			0.013227		0.976667		0.976667
0.28_0.34_6.10e+00_7.32e-04_61.4__1222			0.023892		0.963333		0.973333
0.28_0.34_6.10e+00_7.32e-04_47.8__955			0.029471		0.971667		0.956667
0.28_0.34_6.10e+00_7.32e-04_52.9__1058			0.016583		0.963333		0.963333
0.28_0.34_6.10e+00_7.32e-04_52.4__1042			0.022840		0.955000		0.970000
0.28_0.34_6.10e+00_7.32e-04_51.4__1024			0.019941		0.975000		0.976667
0.28_0.34_6.10e+00_7.32e-04_45.8__918			0.016466		0.960000		0.965000
0.28_0.34_6.10e+00_7.32e-04_56.9__1133			0.013580		0.978333		0.968333
0.28_0.34_6.10e+00_7.32e-04_65.0__1293			0.013131		0.978333		0.975000
0.28_0.34_6.10e+00_7.32e-04_50.4__1009			0.027864		0.946667		0.950000
0.28_0.34_6.10e+00_7.32e-04_46.3__927			0.019138		0.980000		0.975000
0.28_0.34_6.10e+00_7.32e-04_44.3__884			0.019730		0.963333		0.976667
0.28_0.34_6.10e+00_7.32e-04_49.4__989			0.025848		0.955000		0.955000
0.28_0.34_6.10e+00_7.32e-04_43.3__864			0.018993		0.970000		0.975000
0.28_0.34_6.10e+00_7.32e-04_53.4__1063			0.014012		0.980000		0.966667
0.28_0.34_6.10e+00_7.32e-04_52.4__1048			0.017760		0.956667		0.958333
0.28_0.34_6.10e+00_7.32e-04_51.4__1029			0.026367		0.946667		0.953333
0.28_0.34_6.10e+00_7.32e-04_37.3__744			0.022065		0.963333		0.968333
0.28_0.34_6.10e+00_7.32e-04_40.3__803			0.015328		0.980000		0.963333
0.28_0.34_6.10e+00_7.32e-04_49.9__992			0.025958		0.956667		0.963333
0.28_0.34_6.10e+00_7.32e-04_58.4__1167			0.020595		0.975000		0.975000
0.28_0.34_6.10e+00_7.32e-04_36.3__728			0.015251		0.968333		0.971667
0.28_0.34_6.10e+00_7.32e-04_60.9__1211			0.013513		0.975000		0.980000
0.28_0.34_6.10e+00_7.32e-04_52.4__1049			0.028043		0.948333		0.943333
0.28_0.34_6.10e+00_7.32e-04_41.3__821			0.015171		0.985000		0.983333
0.28_0.34_6.10e+00_7.32e-04_55.9__1114			0.020071		0.973333		0.973333
0.28_0.34_6.10e+00_7.32e-04_69.0__1378			0.015487		0.968333		0.973333
0.28_0.34_6.10e+00_7.32e-04_33.7__677			0.020408		0.970000		0.976667
0.28_0.34_6.10e+00_7.32e-04_67.0__1339			0.026038		0.948333		0.946667
0.28_0.34_6.10e+00_7.32e-04_61.9__1232			0.025609		0.965000		0.970000
0.28_0.34_6.10e+00_7.32e-04_47.3__943			0.012198		0.978333		0.971667
0.28_0.34_6.10e+00_7.32e-04_60.9__1217			0.020140		0.980000		0.985000
0.28_0.34_6.10e+00_7.32e-04_59.9__1199			0.026185		0.950000		0.956667
0.28_0.34_6.10e+00_7.32e-04_35.3__708			0.015705		0.963333		0.968333
0.28_0.34_6.10e+00_7.32e-04_60.4__1209			0.025610		0.951667		0.955000
0.28_0.34_6.10e+00_7.32e-04_46.8__936			0.021506		0.971667		0.961667
0.28_0.34_6.10e+00_7.32e-04_51.4__1026			0.021070		0.965000		0.958333
0.28_0.34_6.10e+00_7.32e-04_47.8__952			0.024072		0.965000		0.970000
0.28_0.34_6.10e+00_7.32e-04_42.3__841			0.015413		0.978333		0.983333
0.28_0.34_6.10e+00_7.32e-04_37.8__750			0.015794		0.981667		0.971667
0.28_0.34_6.10e+00_7.32e-04_51.4__1028			0.018091		0.961667		0.961667
0.28_0.34_6.10e+00_7.32e-04_38.8__773			0.014303		0.975000		0.961667
0.28_0.34_6.10e+00_7.32e-04_68.5__1365			0.028034		0.973333		0.956667
0.28_0.34_6.10e+00_7.32e-04_48.3__967			0.020227		0.976667		0.970000
0.28_0.34_6.10e+00_7.32e-04_49.9__991			0.014574		0.978333		0.980000
0.28_0.34_6.10e+00_7.32e-04_45.8__914			0.021619		0.970000		0.980000
0.28_0.34_6.10e+00_7.32e-04_54.4__1080			0.014467		0.980000		0.971667
0.28_0.34_6.10e+00_7.32e-04_56.4__1126			0.021139		0.970000		0.951667
0.28_0.34_6.10e+00_7.32e-04_55.4__1102			0.027063		0.948333		0.963333
0.28_0.34_6.10e+00_7.32e-04_57.9__1156			0.020457		0.973333		0.963333
0.28_0.34_6.10e+00_7.32e-04_55.9__1110			0.016116		0.980000		0.973333
0.28_0.34_6.10e+00_7.32e-04_48.8__979			0.024614		0.950000		0.955000
0.28_0.34_6.10e+00_7.32e-04_66.5__1320			0.017289		0.976667		0.966667
0.28_0.34_6.10e+00_7.32e-04_55.4__1108			0.017019		0.961667		0.965000
0.28_0.34_6.10e+00_7.32e-04_49.4__981			0.014112		0.970000		0.976667
0.28_0.34_6.10e+00_7.32e-04_35.8__718			0.016405		0.968333		0.966667
0.28_0.34_6.10e+00_7.32e-04_38.8__779			0.027197		0.955000		0.950000
0.28_0.34_6.10e+00_7.32e-04_56.4__1127			0.018817		0.978333		0.980000
0.28_0.34_6.10e+00_7.32e-04_41.8__838			0.016941		0.965000		0.971667
0.28_0.34_6.10e+00_7.32e-04_42.3__845			0.030791		0.971667		0.958333
0.28_0.34_6.10e+00_7.32e-04_40.3__801			0.016505		0.981667		0.976667
0.28_0.34_6.10e+00_7.32e-04_55.9__1116			0.021445		0.975000		0.968333
0.28_0.34_6.10e+00_7.32e-04_60.4__1204			0.019435		0.968333		0.978333
0.28_0.34_6.10e+00_7.32e-04_37.8__757			0.019798		0.975000		0.975000
0.28_0.34_6.10e+00_7.32e-04_59.4__1187			0.018494		0.971667		0.976667
0.28_0.34_6.10e+00_7.32e-04_55.9__1111			0.014412		0.973333		0.978333
0.28_0.34_6.10e+00_7.32e-04_49.4__982			0.031997		0.953333		0.955000
0.28_0.34_6.10e+00_7.32e-04_47.3__948			0.017729		0.963333		0.955000
0.28_0.34_6.10e+00_7.32e-04_67.0__1331			0.014008		0.980000		0.976667
0.28_0.34_6.10e+00_7.32e-04_44.8__898			0.014922		0.961667		0.961667
0.28_0.34_6.10e+00_7.32e-04_65.5__1305			0.027970		0.980000		0.956667
0.28_0.34_6.10e+00_7.32e-04_58.4__1163			0.014352		0.976667		0.970000
0.28_0.34_6.10e+00_7.32e-04_47.8__959			0.025900		0.951667		0.956667
0.28_0.34_6.10e+00_7.32e-04_37.3__746			0.021600		0.978333		0.965000
0.28_0.34_6.10e+00_7.32e-04_38.3__761			0.015766		0.975000		0.980000
0.28_0.34_6.10e+00_7.32e-04_53.4__1069			0.027398		0.945000		0.958333
0.28_0.34_6.10e+00_7.32e-04_63.5__1265			0.027110		0.973333		0.958333
0.28_0.34_6.10e+00_7.32e-04_40.8__815			0.030502		0.968333		0.958333
0.28_0.34_6.10e+00_7.32e-04_57.9__1158			0.016994		0.960000		0.965000
0.28_0.34_6.10e+00_7.32e-04_29.7__595			0.027545		0.975000		0.956667
0.28_0.34_6.10e+00_7.32e-04_50.9__1019			0.026839		0.950000		0.950000
0.28_0.34_6.10e+00_7.32e-04_45.3__907			0.019375		0.978333		0.978333
0.28_0.34_6.10e+00_7.32e-04_38.3__768			0.018160		0.960000		0.965000
0.28_0.34_6.10e+00_7.32e-04_56.4__1121			0.015149		0.976667		0.981667
0.28_0.34_6.10e+00_7.32e-04_51.9__1037			0.018889		0.971667		0.973333
0.28_0.34_6.10e+00_7.32e-04_62.9__1255			0.027418		0.975000		0.955000
0.28_0.34_6.10e+00_7.32e-04_60.4__1206			0.022413		0.973333		0.960000
0.28_0.34_6.10e+00_7.32e-04_52.9__1054			0.018444		0.971667		0.976667
0.28_0.34_6.10e+00_7.32e-04_62.4__1244			0.021114		0.970000		0.973333
0.28_0.34_6.10e+00_7.32e-04_46.3__924			0.018073		0.970000		0.976667
0.28_0.34_6.10e+00_7.32e-04_44.8__891			0.015422		0.973333		0.978333
0.28_0.34_6.10e+00_7.32e-04_44.3__882			0.020321		0.961667		0.976667
0.28_0.34_6.10e+00_7.32e-04_44.3__889			0.027723		0.950000		0.951667
0.28_0.34_6.10e+00_7.32e-04_30.2__608			0.015092		0.960000		0.966667
0.28_0.34_6.10e+00_7.32e-04_38.8__777			0.017820		0.970000		0.971667
0.28_0.34_6.10e+00_7.32e-04_47.3__941			0.016818		0.968333		0.978333
0.28_0.34_6.10e+00_7.32e-04_58.9__1178			0.016910		0.973333		0.968333
0.28_0.34_6.10e+00_7.32e-04_35.3__702			0.026467		0.953333		0.968333
0.28_0.34_6.10e+00_7.32e-04_42.8__855			0.028403		0.971667		0.958333
0.28_0.34_6.10e+00_7.32e-04_33.7__675			0.029904		0.976667		0.973333
0.28_0.34_6.10e+00_7.32e-04_62.9__1253			0.011965		0.981667		0.973333
0.28_0.34_6.10e+00_7.32e-04_70.0__1390			0.015023		0.975000		0.975000
0.28_0.34_6.10e+00_7.32e-04_47.3__947			0.019357		0.976667		0.970000
0.28_0.34_6.10e+00_7.32e-04_61.9__1230			0.018543		0.975000		0.961667
0.28_0.34_6.10e+00_7.32e-04_45.8__915			0.026528		0.965000		0.960000
0.28_0.34_6.10e+00_7.32e-04_51.9__1030			0.016011		0.976667		0.970000
0.28_0.34_6.10e+00_7.32e-04_31.7__637			0.018796		0.976667		0.971667
0.28_0.34_6.10e+00_7.32e-04_46.8__935			0.031317		0.970000		0.963333
0.28_0.34_6.10e+00_7.32e-04_39.3__786			0.019490		0.970000		0.966667
0.28_0.34_6.10e+00_7.32e-04_65.0__1294			0.017985		0.975000		0.970000
0.28_0.34_6.10e+00_7.32e-04_50.4__1000			0.013706		0.980000		0.973333
0.28_0.34_6.10e+00_7.32e-04_40.8__816			0.020961		0.973333		0.965000
0.28_0.34_6.10e+00_7.32e-04_48.8__976			0.020600		0.968333		0.961667
0.28_0.34_6.10e+00_7.32e-04_50.4__1001			0.014934		0.975000		0.976667
0.28_0.34_6.10e+00_7.32e-04_44.8__896			0.023468		0.970000		0.958333
0.28_0.34_6.10e+00_7.32e-04_47.3__940			0.013800		0.976667		0.975000
0.28_0.34_6.10e+00_7.32e-04_28.7__573			0.013812		0.981667		0.973333
0.28_0.34_6.10e+00_7.32e-04_38.3__760			0.016194		0.980000		0.966667
0.28_0.34_6.10e+00_7.32e-04_49.9__994			0.020510		0.971667		0.971667
0.28_0.34_6.10e+00_7.32e-04_60.4__1208			0.017016		0.968333		0.961667
0.28_0.34_6.10e+00_7.32e-04_41.3__820			0.013339		0.978333		0.971667
0.28_0.34_6.10e+00_7.32e-04_38.3__763			0.017069		0.963333		0.958333
0.28_0.34_6.10e+00_7.32e-04_49.9__993			0.014857		0.981667		0.970000
0.28_0.34_6.10e+00_7.32e-04_53.4__1061			0.016135		0.975000		0.976667
0.28_0.34_6.10e+00_7.32e-04_35.8__713			0.015758		0.980000		0.963333
0.28_0.34_6.10e+00_7.32e-04_48.3__968			0.014950		0.966667		0.970000
0.28_0.34_6.10e+00_7.32e-04_29.2__585			0.028007		0.978333		0.960000
0.28_0.34_6.10e+00_7.32e-04_61.9__1231			0.012926		0.978333		0.976667
0.28_0.34_6.10e+00_7.32e-04_42.8__857			0.019763		0.975000		0.970000
0.28_0.34_6.10e+00_7.32e-04_64.5__1281			0.013784		0.980000		0.980000
0.28_0.34_6.10e+00_7.32e-04_32.2__645			0.030109		0.971667		0.961667
0.28_0.34_6.10e+00_7.32e-04_54.9__1092			0.024519		0.961667		0.968333
0.28_0.34_6.10e+00_7.32e-04_58.4__1162			0.024510		0.963333		0.958333
0.28_0.34_6.10e+00_7.32e-04_43.8__874			0.018491		0.980000		0.970000
0.28_0.34_6.10e+00_7.32e-04_40.3__808			0.015867		0.968333		0.963333
0.28_0.34_6.10e+00_7.32e-04_34.2__686			0.020999		0.971667		0.968333
0.28_0.34_6.10e+00_7.32e-04_40.3__809			0.033829		0.946667		0.946667
0.28_0.34_6.10e+00_7.32e-04_44.8__897			0.021464		0.973333		0.978333
0.28_0.34_6.10e+00_7.32e-04_62.9__1256			0.022203		0.966667		0.956667
0.28_0.34_6.10e+00_7.32e-04_37.3__745			0.025186		0.965000		0.963333
0.28_0.34_6.10e+00_7.32e-04_37.8__753			0.015597		0.970000		0.961667
0.28_0.34_6.10e+00_7.32e-04_39.8__799			0.029654		0.950000		0.951667
0.28_0.34_6.10e+00_7.32e-04_52.9__1052			0.026807		0.943333		0.963333
0.28_0.34_6.10e+00_7.32e-04_44.3__883			0.013188		0.981667		0.976667
0.28_0.34_6.10e+00_7.32e-04_39.8__791			0.015612		0.983333		0.975000
0.28_0.34_6.10e+00_7.32e-04_43.8__872			0.022280		0.961667		0.973333
0.28_0.34_6.10e+00_7.32e-04_41.8__837			0.019239		0.978333		0.970000
0.28_0.34_6.10e+00_7.32e-04_36.3__727			0.020547		0.968333		0.971667
0.28_0.34_6.10e+00_7.32e-04_41.3__828			0.015408		0.968333		0.968333
0.28_0.34_6.10e+00_7.32e-04_54.4__1082			0.022974		0.956667		0.970000
0.28_0.34_6.10e+00_7.32e-04_45.3__904			0.018469		0.973333		0.981667
0.28_0.34_6.10e+00_7.32e-04_63.5__1266			0.023968		0.976667		0.961667
0.28_0.34_6.10e+00_7.32e-04_68.5__1367			0.020424		0.971667		0.973333
0.28_0.34_6.10e+00_7.32e-04_64.5__1283			0.015135		0.978333		0.966667
0.28_0.34_6.10e+00_7.32e-04_43.3__861			0.014362		0.980000		0.983333
0.28_0.34_6.10e+00_7.32e-04_34.7__695			0.025391		0.973333		0.958333
0.28_0.34_6.10e+00_7.32e-04_67.0__1337			0.022214		0.973333		0.975000
0.28_0.34_6.10e+00_7.32e-04_55.4__1106			0.022075		0.971667		0.961667
0.28_0.34_6.10e+00_7.32e-04_35.3__706			0.022009		0.971667		0.966667
0.28_0.34_6.10e+00_7.32e-04_36.8__738			0.016231		0.968333		0.971667
0.28_0.34_6.10e+00_7.32e-04_40.8__813			0.014279		0.981667		0.976667
0.28_0.34_6.10e+00_7.32e-04_38.3__765			0.029880		0.975000		0.961667
0.28_0.34_6.10e+00_7.32e-04_58.9__1177			0.020986		0.975000		0.973333
0.28_0.34_6.10e+00_7.32e-04_38.8__774			0.019960		0.973333		0.980000
0.28_0.34_6.10e+00_7.32e-04_31.7__630			0.014221		0.978333		0.971667
0.28_0.34_6.10e+00_7.32e-04_58.9__1175			0.025808		0.975000		0.956667
0.28_0.34_6.10e+00_7.32e-04_47.8__950			0.014675		0.983333		0.965000
0.28_0.34_6.10e+00_7.32e-04_59.4__1183			0.013464		0.983333		0.975000
0.28_0.34_6.10e+00_7.32e-04_46.8__939			0.027086		0.950000		0.951667
0.28_0.34_6.10e+00_7.32e-04_31.2__628			0.014454		0.966667		0.966667
0.28_0.34_6.10e+00_7.32e-04_43.3__868			0.020750		0.953333		0.958333
0.28_0.34_6.10e+00_7.32e-04_46.8__932			0.021282		0.958333		0.961667
0.28_0.34_6.10e+00_7.32e-04_45.3__909			0.024938		0.950000		0.953333
0.28_0.34_6.10e+00_7.32e-04_24.2__488			0.016078		0.970000		0.965000
0.28_0.34_6.10e+00_7.32e-04_62.4__1240			0.015968		0.978333		0.973333
0.28_0.34_6.10e+00_7.32e-04_42.3__849			0.030244		0.943333		0.951667
0.28_0.34_6.10e+00_7.32e-04_35.8__717			0.018410		0.973333		0.978333
0.28_0.34_6.10e+00_7.32e-04_62.4__1242			0.020443		0.960000		0.975000
0.28_0.34_6.10e+00_7.32e-04_23.2__460			0.014666		0.975000		0.970000
0.28_0.34_6.10e+00_7.32e-04_25.2__504			0.021383		0.976667		0.975000
0.28_0.34_6.10e+00_7.32e-04_35.3__707			0.018686		0.976667		0.976667
0.28_0.34_6.10e+00_7.32e-04_69.0__1377			0.019794		0.976667		0.976667
0.28_0.34_6.10e+00_7.32e-04_49.4__987			0.020203		0.978333		0.968333
0.28_0.34_6.10e+00_7.32e-04_62.9__1251			0.014247		0.980000		0.980000
0.28_0.34_6.10e+00_7.32e-04_26.2__520			0.015530		0.978333		0.975000
0.28_0.34_6.10e+00_7.32e-04_60.9__1216			0.022805		0.971667		0.956667
0.28_0.34_6.10e+00_7.32e-04_68.5__1363			0.013541		0.983333		0.978333
0.28_0.34_6.10e+00_7.32e-04_50.9__1016			0.019945		0.965000		0.961667
0.28_0.34_6.10e+00_7.32e-04_57.4__1149			0.028144		0.950000		0.945000
0.28_0.34_6.10e+00_7.32e-04_63.5__1261			0.014706		0.975000		0.976667
0.28_0.34_6.10e+00_7.32e-04_54.4__1089			0.028512		0.950000		0.956667
0.28_0.34_6.10e+00_7.32e-04_57.9__1152			0.021396		0.955000		0.970000
0.28_0.34_6.10e+00_7.32e-04_38.8__778			0.015429		0.961667		0.968333
0.28_0.34_6.10e+00_7.32e-04_47.8__953			0.015915		0.975000		0.963333
0.28_0.34_6.10e+00_7.32e-04_35.8__710			0.017193		0.980000		0.978333
0.28_0.34_6.10e+00_7.32e-04_69.0__1376			0.023533		0.978333		0.963333
0.28_0.34_6.10e+00_7.32e-04_57.4__1141			0.017265		0.973333		0.973333
0.28_0.34_6.10e+00_7.32e-04_26.2__521			0.016707		0.970000		0.971667
0.28_0.34_6.10e+00_7.32e-04_55.9__1113			0.013846		0.978333		0.970000
0.28_0.34_6.10e+00_7.32e-04_27.2__542			0.026299		0.955000		0.965000
0.28_0.34_6.10e+00_7.32e-04_48.8__975			0.027744		0.975000		0.950000
0.28_0.34_6.10e+00_7.32e-04_25.2__509			0.027168		0.951667		0.945000
0.28_0.34_6.10e+00_7.32e-04_34.2__687			0.019694		0.971667		0.971667
0.28_0.34_6.10e+00_7.32e-04_54.9__1090			0.014680		0.981667		0.976667
0.28_0.34_6.10e+00_7.32e-04_65.5__1300			0.015628		0.978333		0.976667
0.28_0.34_6.10e+00_7.32e-04_34.7__690			0.015349		0.976667		0.968333
0.28_0.34_6.10e+00_7.32e-04_48.3__961			0.015320		0.971667		0.975000
0.28_0.34_6.10e+00_7.32e-04_60.9__1218			0.017590		0.968333		0.961667
0.28_0.34_6.10e+00_7.32e-04_56.9__1135			0.026776		0.971667		0.961667
0.28_0.34_6.10e+00_7.32e-04_50.4__1007			0.018224		0.980000		0.978333
0.28_0.34_6.10e+00_7.32e-04_32.7__653			0.014337		0.983333		0.973333
0.28_0.34_6.10e+00_7.32e-04_67.0__1333			0.013586		0.978333		0.970000
0.28_0.34_6.10e+00_7.32e-04_53.9__1070			0.014657		0.976667		0.973333
0.28_0.34_6.10e+00_7.32e-04_41.3__822			0.026898		0.950000		0.963333
0.28_0.34_6.10e+00_7.32e-04_39.3__785			0.028879		0.963333		0.956667
0.28_0.34_6.10e+00_7.32e-04_38.3__767			0.020093		0.968333		0.973333
0.28_0.34_6.10e+00_7.32e-04_31.2__623			0.012400		0.981667		0.975000
0.28_0.34_6.10e+00_7.32e-04_38.3__766			0.020383		0.976667		0.965000
0.28_0.34_6.10e+00_7.32e-04_35.8__712			0.023752		0.950000		0.963333
0.28_0.34_6.10e+00_7.32e-04_40.8__819			0.027313		0.953333		0.950000
0.28_0.34_6.10e+00_7.32e-04_45.8__912			0.024804		0.956667		0.970000
0.28_0.34_6.10e+00_7.32e-04_38.3__762			0.023937		0.958333		0.961667
0.28_0.34_6.10e+00_7.32e-04_44.8__892			0.024286		0.961667		0.965000
0.28_0.34_6.10e+00_7.32e-04_43.8__878			0.015396		0.970000		0.966667
0.28_0.34_6.10e+00_7.32e-04_33.7__673			0.013819		0.981667		0.971667
0.28_0.34_6.10e+00_7.32e-04_36.3__721			0.014068		0.981667		0.981667
0.28_0.34_6.10e+00_7.32e-04_37.8__751			0.016297		0.978333		0.976667
0.28_0.34_6.10e+00_7.32e-04_48.8__971			0.013695		0.975000		0.973333
0.28_0.34_6.10e+00_7.32e-04_57.4__1142			0.023617		0.953333		0.966667
0.28_0.34_6.10e+00_7.32e-04_44.3__880			0.016361		0.978333		0.971667
0.28_0.34_6.10e+00_7.32e-04_41.3__824			0.021479		0.963333		0.976667
0.28_0.34_6.10e+00_7.32e-04_41.8__835			0.029137		0.966667		0.956667
0.28_0.34_6.10e+00_7.32e-04_51.9__1038			0.018497		0.958333		0.963333
0.28_0.34_6.10e+00_7.32e-04_50.9__1015			0.027937		0.975000		0.965000
0.28_0.34_6.10e+00_7.32e-04_37.3__743			0.014921		0.975000		0.968333
0.28_0.34_6.10e+00_7.32e-04_23.7__475			0.030702		0.970000		0.963333
0.28_0.34_6.10e+00_7.32e-04_40.8__817			0.018414		0.975000		0.976667
0.28_0.34_6.10e+00_7.32e-04_33.7__671			0.013734		0.978333		0.981667
0.28_0.34_6.10e+00_7.32e-04_54.4__1088			0.017115		0.963333		0.961667
0.28_0.34_6.10e+00_7.32e-04_33.7__678			0.016775		0.965000		0.958333
0.28_0.34_6.10e+00_7.32e-04_55.4__1105			0.028651		0.968333		0.960000
0.28_0.34_6.10e+00_7.32e-04_43.8__879			0.027283		0.953333		0.950000
0.28_0.34_6.10e+00_7.32e-04_39.8__793			0.016931		0.975000		0.956667
0.28_0.34_6.10e+00_7.32e-04_23.7__473			0.013488		0.985000		0.971667
0.28_0.34_6.10e+00_7.32e-04_46.3__920			0.014932		0.985000		0.973333
0.28_0.34_6.10e+00_7.32e-04_42.3__846			0.019147		0.968333		0.963333
0.28_0.34_6.10e+00_7.32e-04_38.8__771			0.016107		0.973333		0.971667
0.28_0.34_6.10e+00_7.32e-04_45.8__913			0.011824		0.981667		0.973333
0.28_0.34_6.10e+00_7.32e-04_31.2__625			0.028243		0.965000		0.963333
0.28_0.34_6.10e+00_7.32e-04_36.8__736			0.020331		0.971667		0.965000
0.28_0.34_6.10e+00_7.32e-04_28.2__569			0.027288		0.950000		0.946667
0.28_0.34_6.10e+00_7.32e-04_31.7__633			0.012896		0.978333		0.975000
0.28_0.34_6.10e+00_7.32e-04_30.2__606			0.019070		0.976667		0.970000
0.28_0.34_6.10e+00_7.32e-04_51.9__1032			0.025744		0.948333		0.963333
0.28_0.34_6.10e+00_7.32e-04_26.7__533			0.013855		0.978333		0.965000
0.28_0.34_6.10e+00_7.32e-04_46.3__929			0.024073		0.950000		0.950000
0.28_0.34_6.10e+00_7.32e-04_42.3__843			0.013098		0.978333		0.973333
0.28_0.34_6.10e+00_7.32e-04_57.4__1145			0.028130		0.971667		0.955000
0.28_0.34_6.10e+00_7.32e-04_58.4__1168			0.016715		0.965000		0.963333
0.28_0.34_6.10e+00_7.32e-04_38.3__764			0.020041		0.973333		0.978333
0.28_0.34_6.10e+00_7.32e-04_32.2__640			0.014525		0.976667		0.975000
0.28_0.34_6.10e+00_7.32e-04_68.5__1368			0.017686		0.966667		0.966667
0.28_0.34_6.10e+00_7.32e-04_39.8__797			0.018511		0.970000		0.971667
0.28_0.34_6.10e+00_7.32e-04_43.3__860			0.014841		0.980000		0.966667
0.28_0.34_6.10e+00_7.32e-04_30.7__615			0.032902		0.966667		0.946667
0.28_0.34_6.10e+00_7.32e-04_43.3__865			0.027076		0.970000		0.956667
0.28_0.34_6.10e+00_7.32e-04_32.7__655			0.029949		0.973333		0.963333
0.28_0.34_6.10e+00_7.32e-04_42.8__856			0.020187		0.970000		0.961667
0.28_0.34_6.10e+00_7.32e-04_36.3__725			0.028018		0.966667		0.961667
0.28_0.34_6.10e+00_7.32e-04_33.2__665			0.033224		0.970000		0.958333
0.28_0.34_6.10e+00_7.32e-04_54.4__1086			0.023876		0.973333		0.963333
0.28_0.34_6.10e+00_7.32e-04_62.9__1257			0.018294		0.976667		0.973333
0.28_0.34_6.10e+00_7.32e-04_64.5__1286			0.021480		0.973333		0.965000
0.28_0.34_6.10e+00_7.32e-04_51.9__1034			0.018117		0.970000		0.973333
0.28_0.34_6.10e+00_7.32e-04_30.7__610			0.014149		0.981667		0.973333
0.28_0.34_6.10e+00_7.32e-04_29.7__593			0.014213		0.980000		0.975000
0.28_0.34_6.10e+00_7.32e-04_34.7__693			0.016875		0.976667		0.963333
0.28_0.34_6.10e+00_7.32e-04_68.0__1355			0.029901		0.973333		0.951667
0.28_0.34_6.10e+00_7.32e-04_32.7__659			0.031835		0.946667		0.951667
0.28_0.34_6.10e+00_7.32e-04_43.8__870			0.014871		0.978333		0.968333
0.28_0.34_6.10e+00_7.32e-04_29.2__580			0.014249		0.980000		0.970000
0.28_0.34_6.10e+00_7.32e-04_29.7__596			0.022971		0.966667		0.953333
0.28_0.34_6.10e+00_7.32e-04_40.3__807			0.021436		0.973333		0.976667
0.28_0.34_6.10e+00_7.32e-04_26.7__534			0.022108		0.966667		0.968333
0.28_0.34_6.10e+00_7.32e-04_33.2__667			0.023810		0.963333		0.973333
0.28_0.34_6.10e+00_7.32e-04_39.3__789			0.030728		0.950000		0.953333
0.28_0.34_6.10e+00_7.32e-04_54.9__1095			0.028056		0.970000		0.951667
0.28_0.34_6.10e+00_7.32e-04_52.9__1051			0.015754		0.976667		0.978333
0.28_0.34_6.10e+00_7.32e-04_33.2__666			0.019616		0.973333		0.970000
0.28_0.34_6.10e+00_7.32e-04_53.9__1075			0.030061		0.966667		0.960000
0.28_0.34_6.10e+00_7.32e-04_42.8__858			0.016280		0.971667		0.965000
0.28_0.34_6.10e+00_7.32e-04_28.2__561			0.016754		0.971667		0.975000
0.28_0.34_6.10e+00_7.32e-04_48.3__964			0.020594		0.968333		0.973333
0.28_0.34_6.10e+00_7.32e-04_56.9__1131			0.018164		0.971667		0.970000
0.28_0.34_6.10e+00_7.32e-04_27.7__557			0.019108		0.975000		0.980000
0.28_0.34_6.10e+00_7.32e-04_27.2__545			0.027600		0.971667		0.961667
0.28_0.34_6.10e+00_7.32e-04_41.8__830			0.012765		0.981667		0.970000
0.28_0.34_6.10e+00_7.32e-04_39.8__792			0.023506		0.956667		0.963333
0.28_0.34_6.10e+00_7.32e-04_46.8__930			0.014471		0.983333		0.975000
0.28_0.34_6.10e+00_7.32e-04_30.7__619			0.027231		0.950000		0.951667
0.28_0.34_6.10e+00_7.32e-04_48.8__973			0.013643		0.978333		0.975000
0.28_0.34_6.10e+00_7.32e-04_48.3__969			0.029418		0.946667		0.951667
0.28_0.34_6.10e+00_7.32e-04_31.7__638			0.018328		0.965000		0.965000
0.28_0.34_6.10e+00_7.32e-04_34.7__691			0.014558		0.978333		0.976667
0.28_0.34_6.10e+00_7.32e-04_34.2__685			0.025582		0.973333		0.963333
0.28_0.34_6.10e+00_7.32e-04_40.8__811			0.014577		0.986667		0.983333
0.28_0.34_6.10e+00_7.32e-04_69.5__1388			0.014666		0.970000		0.968333
0.28_0.34_6.10e+00_7.32e-04_60.9__1215			0.025343		0.970000		0.955000
0.28_0.34_6.10e+00_7.32e-04_25.7__511			0.016824		0.973333		0.973333
0.28_0.34_6.10e+00_7.32e-04_31.7__635			0.030289		0.968333		0.961667
0.28_0.34_6.10e+00_7.32e-04_48.3__965			0.027397		0.968333		0.953333
0.28_0.34_6.10e+00_7.32e-04_22.2__445			0.029942		0.961667		0.953333
0.28_0.34_6.10e+00_7.32e-04_40.3__802			0.022791		0.950000		0.971667
0.28_0.34_6.10e+00_7.32e-04_39.8__796			0.018653		0.971667		0.968333
0.28_0.34_6.10e+00_7.32e-04_34.2__680			0.014713		0.976667		0.978333
0.28_0.34_6.10e+00_7.32e-04_51.9__1036			0.021373		0.966667		0.963333
0.28_0.34_6.10e+00_7.32e-04_44.3__886			0.021637		0.970000		0.960000
0.28_0.34_6.10e+00_7.32e-04_41.3__826			0.018564		0.970000		0.966667
0.28_0.34_6.10e+00_7.32e-04_48.3__960			0.014998		0.983333		0.965000
0.28_0.34_6.10e+00_7.32e-04_23.2__467			0.018515		0.971667		0.975000
0.28_0.34_6.10e+00_7.32e-04_69.0__1372			0.025468		0.958333		0.966667
0.28_0.34_6.10e+00_7.32e-04_40.3__800			0.014648		0.978333		0.968333
0.28_0.34_6.10e+00_7.32e-04_31.2__626			0.021017		0.970000		0.968333
0.28_0.34_6.10e+00_7.32e-04_22.2__444			0.024008		0.966667		0.973333
0.28_0.34_6.10e+00_7.32e-04_33.2__661			0.013964		0.973333		0.978333
0.28_0.34_6.10e+00_7.32e-04_32.7__658			0.015674		0.968333		0.968333
0.28_0.34_6.10e+00_7.32e-04_70.0__1392			0.020992		0.953333		0.976667
0.28_0.34_6.10e+00_7.32e-04_26.2__526			0.021014		0.966667		0.955000
0.28_0.34_6.10e+00_7.32e-04_18.1__363			0.016965		0.970000		0.958333
0.28_0.34_6.10e+00_7.32e-04_17.1__345			0.048217		0.948333		0.936667
0.28_0.34_6.10e+00_7.32e-04_16.1__320			0.019512		0.976667		0.961667
0.28_0.34_6.10e+00_7.32e-04_64.5__1287			0.020240		0.973333		0.973333
0.28_0.34_6.10e+00_7.32e-04_28.2__566			0.021653		0.968333		0.958333
0.28_0.34_6.10e+00_7.32e-04_47.8__956			0.020168		0.965000		0.958333
0.28_0.34_6.10e+00_7.32e-04_27.2__541			0.017580		0.975000		0.975000
0.28_0.34_6.10e+00_7.32e-04_53.4__1065			0.026015		0.975000		0.963333
0.28_0.34_6.10e+00_7.32e-04_68.5__1366			0.024291		0.971667		0.958333
0.28_0.34_6.10e+00_7.32e-04_45.8__911			0.016816		0.983333		0.981667
0.28_0.34_6.10e+00_7.32e-04_24.7__491			0.015860		0.968333		0.978333
0.28_0.34_6.10e+00_7.32e-04_56.9__1134			0.019233		0.966667		0.971667
0.28_0.34_6.10e+00_7.32e-04_30.7__612			0.024571		0.956667		0.975000
0.28_0.34_6.10e+00_7.32e-04_23.2__468			0.023567		0.958333		0.968333
0.28_0.34_6.10e+00_7.32e-04_31.2__624			0.021626		0.965000		0.971667
0.28_0.34_6.10e+00_7.32e-04_31.7__632			0.021947		0.958333		0.971667
0.28_0.34_6.10e+00_7.32e-04_45.3__902			0.025071		0.958333		0.971667
0.28_0.34_6.10e+00_7.32e-04_42.8__854			0.019240		0.970000		0.978333
0.28_0.34_6.10e+00_7.32e-04_35.8__716			0.020097		0.973333		0.960000
0.28_0.34_6.10e+00_7.32e-04_16.1__323			0.021314		0.966667		0.956667
0.28_0.34_6.10e+00_7.32e-04_52.4__1040			0.016248		0.973333		0.968333
0.28_0.34_6.10e+00_7.32e-04_49.9__996			0.020029		0.965000		0.958333
0.28_0.34_6.10e+00_7.32e-04_32.2__648			0.016113		0.965000		0.971667
0.28_0.34_6.10e+00_7.32e-04_22.2__440			0.013455		0.975000		0.971667
0.28_0.34_6.10e+00_7.32e-04_22.7__458			0.020806		0.965000		0.971667
0.28_0.34_6.10e+00_7.32e-04_62.9__1254			0.022099		0.961667		0.976667
0.28_0.34_6.10e+00_7.32e-04_39.8__790			0.013208		0.981667		0.978333
0.28_0.34_6.10e+00_7.32e-04_41.8__839			0.028798		0.940000		0.956667
0.28_0.34_6.10e+00_7.32e-04_36.3__723			0.016044		0.980000		0.961667
0.28_0.34_6.10e+00_7.32e-04_28.7__570			0.016098		0.981667		0.973333
0.28_0.34_6.10e+00_7.32e-04_38.8__772			0.024461		0.951667		0.963333
0.28_0.34_6.10e+00_7.32e-04_57.9__1150			0.017127		0.978333		0.973333
0.28_0.34_6.10e+00_7.32e-04_26.2__522			0.024744		0.956667		0.965000
0.28_0.34_6.10e+00_7.32e-04_22.7__455			0.027804		0.968333		0.960000
0.28_0.34_6.10e+00_7.32e-04_27.7__553			0.012862		0.976667		0.971667
0.28_0.34_6.10e+00_7.32e-04_22.7__454			0.022583		0.963333		0.968333
0.28_0.34_6.10e+00_7.32e-04_19.1__388			0.021273		0.961667		0.965000
0.28_0.34_6.10e+00_7.32e-04_41.8__834			0.020821		0.971667		0.973333
0.28_0.34_6.10e+00_7.32e-04_39.3__784			0.020131		0.973333		0.981667
0.28_0.34_6.10e+00_7.32e-04_19.6__390			0.018496		0.976667		0.970000
0.28_0.34_6.10e+00_7.32e-04_36.8__734			0.022172		0.968333		0.976667
0.28_0.34_6.10e+00_7.32e-04_59.4__1180			0.015391		0.980000		0.975000
0.28_0.34_6.10e+00_7.32e-04_37.3__742			0.024105		0.955000		0.963333
0.28_0.34_6.10e+00_7.32e-04_24.2__486			0.020512		0.968333		0.956667
0.28_0.34_6.10e+00_7.32e-04_45.3__901			0.015628		0.973333		0.976667
0.28_0.34_6.10e+00_7.32e-04_20.6__410			0.015585		0.978333		0.973333
0.28_0.34_6.10e+00_7.32e-04_58.4__1166			0.020279		0.973333		0.958333
0.28_0.34_6.10e+00_7.32e-04_34.2__682			0.027018		0.953333		0.961667
0.28_0.34_6.10e+00_7.32e-04_27.2__544			0.021164		0.970000		0.971667
0.28_0.34_6.10e+00_7.32e-04_43.3__866			0.020023		0.971667		0.963333
0.28_0.34_6.10e+00_7.32e-04_52.9__1055			0.027878		0.973333		0.963333
0.28_0.34_6.10e+00_7.32e-04_19.6__391			0.018718		0.973333		0.973333
0.28_0.34_6.10e+00_7.32e-04_34.2__688			0.017522		0.966667		0.968333
0.28_0.34_6.10e+00_7.32e-04_47.8__958			0.015146		0.966667		0.965000
0.28_0.34_6.10e+00_7.32e-04_38.8__776			0.019655		0.978333		0.965000
0.28_0.34_6.10e+00_7.32e-04_28.7__578			0.018749		0.963333		0.970000
0.28_0.34_6.10e+00_7.32e-04_47.8__954			0.019964		0.968333		0.978333
0.28_0.34_6.10e+00_7.32e-04_22.7__453			0.015379		0.978333		0.968333
0.28_0.34_6.10e+00_7.32e-04_53.9__1074			0.022732		0.965000		0.970000
0.28_0.34_6.10e+00_7.32e-04_22.2__448			0.021218		0.966667		0.966667
0.28_0.34_6.10e+00_7.32e-04_13.6__276			0.032583		0.953333		0.956667
0.28_0.34_6.10e+00_7.32e-04_37.8__755			0.028120		0.966667		0.951667
0.28_0.34_6.10e+00_7.32e-04_48.3__963			0.012113		0.983333		0.971667
0.28_0.34_6.10e+00_7.32e-04_52.4__1041			0.014169		0.976667		0.981667
0.28_0.34_6.10e+00_7.32e-04_35.3__704			0.023006		0.963333		0.978333
0.28_0.34_6.10e+00_7.32e-04_33.2__660			0.017151		0.976667		0.976667
0.28_0.34_6.10e+00_7.32e-04_37.3__747			0.020003		0.970000		0.978333
0.28_0.34_6.10e+00_7.32e-04_22.7__457			0.019063		0.971667		0.975000
0.28_0.34_6.10e+00_7.32e-04_23.2__466			0.023338		0.970000		0.955000
0.28_0.34_6.10e+00_7.32e-04_27.7__552			0.022938		0.950000		0.971667
0.28_0.34_6.10e+00_7.32e-04_26.2__528			0.017523		0.960000		0.961667
0.28_0.34_6.10e+00_7.32e-04_58.9__1176			0.020424		0.973333		0.965000
0.28_0.34_6.10e+00_7.32e-04_33.7__672			0.026742		0.960000		0.971667
0.28_0.34_6.10e+00_7.32e-04_26.7__530			0.014199		0.971667		0.971667
0.28_0.34_6.10e+00_7.32e-04_41.3__823			0.014600		0.976667		0.968333
0.28_0.34_6.10e+00_7.32e-04_33.7__670			0.015911		0.978333		0.970000
0.28_0.34_6.10e+00_7.32e-04_46.3__921			0.016096		0.976667		0.978333
0.28_0.34_6.10e+00_7.32e-04_39.8__794			0.019621		0.970000		0.978333
0.28_0.34_6.10e+00_7.32e-04_24.2__482			0.027105		0.960000		0.961667
0.28_0.34_6.10e+00_7.32e-04_23.7__470			0.014764		0.976667		0.965000
0.28_0.34_6.10e+00_7.32e-04_25.2__500			0.013316		0.978333		0.975000
0.28_0.34_6.10e+00_7.32e-04_26.7__539			0.031669		0.946667		0.946667
0.28_0.34_6.10e+00_7.32e-04_18.1__367			0.025251		0.973333		0.971667
0.28_0.34_6.10e+00_7.32e-04_52.4__1044			0.021429		0.966667		0.976667
0.28_0.34_6.10e+00_7.32e-04_44.3__881			0.016133		0.973333		0.976667
0.28_0.34_6.10e+00_7.32e-04_31.2__620			0.014946		0.976667		0.973333
0.28_0.34_6.10e+00_7.32e-04_50.4__1004			0.020837		0.975000		0.976667
0.28_0.34_6.10e+00_7.32e-04_20.1__406			0.027371		0.970000		0.956667
0.28_0.34_6.10e+00_7.32e-04_47.3__946			0.022186		0.973333		0.961667
0.28_0.34_6.10e+00_7.32e-04_21.7__430			0.013667		0.980000		0.973333
0.28_0.34_6.10e+00_7.32e-04_23.7__476			0.020774		0.970000		0.958333
0.28_0.34_6.10e+00_7.32e-04_69.0__1379			0.029336		0.951667		0.955000
0.28_0.34_6.10e+00_7.32e-04_40.8__814			0.020959		0.965000		0.971667
0.28_0.34_6.10e+00_7.32e-04_25.7__516			0.019830		0.966667		0.965000
0.28_0.34_6.10e+00_7.32e-04_25.7__518			0.017003		0.971667		0.968333
0.28_0.34_6.10e+00_7.32e-04_41.3__825			0.031858		0.976667		0.965000
0.28_0.34_6.10e+00_7.32e-04_42.8__853			0.014055		0.976667		0.961667
0.28_0.34_6.10e+00_7.32e-04_46.8__937			0.017940		0.978333		0.975000
0.28_0.34_6.10e+00_7.32e-04_31.2__629			0.026685		0.953333		0.948333
0.28_0.34_6.10e+00_7.32e-04_53.9__1078			0.016982		0.963333		0.966667
0.28_0.34_6.10e+00_7.32e-04_23.7__478			0.018326		0.968333		0.968333
0.28_0.34_6.10e+00_7.32e-04_24.2__487			0.018155		0.975000		0.971667
0.28_0.34_6.10e+00_7.32e-04_22.2__443			0.013998		0.975000		0.973333
0.28_0.34_6.10e+00_7.32e-04_9.6__198			0.082369		0.796667		0.773333
0.28_0.34_6.10e+00_7.32e-04_17.6__358			0.022842		0.955000		0.950000
0.28_0.34_6.10e+00_7.32e-04_29.2__586			0.022962		0.966667		0.966667
0.28_0.34_6.10e+00_7.32e-04_24.7__495			0.031410		0.976667		0.965000
0.28_0.34_6.10e+00_7.32e-04_39.3__783			0.015750		0.980000		0.966667
0.28_0.34_6.10e+00_7.32e-04_8.6__175			0.130336		0.658333		0.670000
0.28_0.34_6.10e+00_7.32e-04_13.1__265			0.052305		0.911667		0.901667
0.28_0.34_6.10e+00_7.32e-04_42.3__847			0.019681		0.976667		0.971667
0.28_0.34_6.10e+00_7.32e-04_52.4__1046			0.024090		0.980000		0.960000
0.28_0.34_6.10e+00_7.32e-04_20.1__404			0.024504		0.960000		0.963333
0.28_0.34_6.10e+00_7.32e-04_23.7__477			0.019095		0.976667		0.978333
0.28_0.34_6.10e+00_7.32e-04_24.7__498			0.019363		0.956667		0.955000
0.28_0.34_6.10e+00_7.32e-04_26.7__535			0.027185		0.978333		0.956667
0.28_0.34_6.10e+00_7.32e-04_25.2__508			0.015723		0.965000		0.966667
0.28_0.34_6.10e+00_7.32e-04_16.6__330			0.019169		0.980000		0.968333
0.28_0.34_6.10e+00_7.32e-04_45.3__900			0.014108		0.983333		0.970000
0.28_0.34_6.10e+00_7.32e-04_64.0__1271			0.013572		0.978333		0.983333
0.28_0.34_6.10e+00_7.32e-04_34.7__699			0.034317		0.943333		0.951667
0.28_0.34_6.10e+00_7.32e-04_37.8__756			0.020176		0.975000		0.963333
0.28_0.34_6.10e+00_7.32e-04_58.9__1174			0.020889		0.971667		0.978333
0.28_0.34_6.10e+00_7.32e-04_15.1__308			0.027273		0.955000		0.956667
0.28_0.34_6.10e+00_7.32e-04_31.2__627			0.018586		0.966667		0.973333
0.28_0.34_6.10e+00_7.32e-04_36.8__735			0.028428		0.966667		0.951667
0.28_0.34_6.10e+00_7.32e-04_51.4__1021			0.016266		0.973333		0.978333
0.28_0.34_6.10e+00_7.32e-04_28.2__565			0.024542		0.973333		0.953333
0.28_0.34_6.10e+00_7.32e-04_30.7__616			0.020486		0.970000		0.968333
0.28_0.34_6.10e+00_7.32e-04_50.4__1003			0.015071		0.981667		0.966667
0.28_0.34_6.10e+00_7.32e-04_52.9__1057			0.021556		0.970000		0.975000
0.28_0.34_6.10e+00_7.32e-04_40.8__812			0.023669		0.960000		0.960000
0.28_0.34_6.10e+00_7.32e-04_16.6__335			0.042652		0.950000		0.938333
0.28_0.34_6.10e+00_7.32e-04_9.1__187			0.088879		0.796667		0.813333
0.28_0.34_6.10e+00_7.32e-04_50.9__1011			0.015389		0.980000		0.983333
0.28_0.34_6.10e+00_7.32e-04_12.6__252			0.114369		0.811667		0.786667
0.28_0.34_6.10e+00_7.32e-04_34.7__692			0.023011		0.953333		0.968333
0.28_0.34_6.10e+00_7.32e-04_20.1__401			0.018600		0.973333		0.975000
0.28_0.34_6.10e+00_7.32e-04_52.4__1045			0.028488		0.965000		0.946667
0.28_0.34_6.10e+00_7.32e-04_16.6__338			0.024120		0.955000		0.948333
0.28_0.34_6.10e+00_7.32e-04_67.5__1348			0.016692		0.966667		0.968333
0.28_0.34_6.10e+00_7.32e-04_15.6__317			0.029141		0.958333		0.961667
0.28_0.34_6.10e+00_7.32e-04_55.9__1118			0.016608		0.965000		0.960000
0.28_0.34_6.10e+00_7.32e-04_15.1__302			0.055662		0.918333		0.926667
0.28_0.34_6.10e+00_7.32e-04_11.6__236			0.063636		0.905000		0.920000
0.28_0.34_6.10e+00_7.32e-04_37.8__759			0.024809		0.950000		0.951667
0.28_0.34_6.10e+00_7.32e-04_43.8__871			0.015509		0.970000		0.981667
0.28_0.34_6.10e+00_7.32e-04_13.6__278			0.030449		0.935000		0.908333
0.28_0.34_6.10e+00_7.32e-04_40.3__806			0.019124		0.973333		0.961667
0.28_0.34_6.10e+00_7.32e-04_29.2__589			0.026557		0.946667		0.946667
0.28_0.34_6.10e+00_7.32e-04_69.0__1374			0.019041		0.973333		0.973333
0.28_0.34_6.10e+00_7.32e-04_49.9__998			0.016658		0.963333		0.965000
0.28_0.34_6.10e+00_7.32e-04_35.8__719			0.031262		0.941667		0.953333
0.28_0.34_6.10e+00_7.32e-04_19.1__387			0.022213		0.970000		0.978333
0.28_0.34_6.10e+00_7.32e-04_26.7__537			0.018557		0.971667		0.970000
0.28_0.34_6.10e+00_7.32e-04_63.5__1267			0.020449		0.975000		0.971667
0.28_0.34_6.10e+00_7.32e-04_25.2__507			0.019226		0.971667		0.975000
0.28_0.34_6.10e+00_7.32e-04_33.7__676			0.019712		0.970000		0.968333
0.28_0.34_6.10e+00_7.32e-04_12.6__258			0.039840		0.920000		0.925000
0.28_0.34_6.10e+00_7.32e-04_20.6__417			0.021232		0.981667		0.973333
0.28_0.34_6.10e+00_7.32e-04_27.2__547			0.020390		0.973333		0.975000
0.28_0.34_6.10e+00_7.32e-04_44.3__885			0.028887		0.970000		0.951667
0.28_0.34_6.10e+00_7.32e-04_58.4__1165			0.027675		0.973333		0.953333
0.28_0.34_6.10e+00_7.32e-04_37.8__754			0.021803		0.978333		0.976667
0.28_0.34_6.10e+00_7.32e-04_53.4__1062			0.026309		0.956667		0.968333
0.28_0.34_6.10e+00_7.32e-04_42.3__842			0.021401		0.961667		0.971667
0.28_0.34_6.10e+00_7.32e-04_14.6__298			0.031759		0.941667		0.938333
0.28_0.34_6.10e+00_7.32e-04_54.9__1091			0.014725		0.975000		0.980000
0.28_0.34_6.10e+00_7.32e-04_43.3__867			0.019930		0.973333		0.975000
0.28_0.34_6.10e+00_7.32e-04_50.4__1006			0.022032		0.965000		0.951667
0.28_0.34_6.10e+00_7.32e-04_28.7__571			0.016451		0.973333		0.970000
0.28_0.34_6.10e+00_7.32e-04_28.2__560			0.014785		0.976667		0.975000
0.28_0.34_6.10e+00_7.32e-04_24.7__490			0.015324		0.975000		0.970000
0.28_0.34_6.10e+00_7.32e-04_29.7__590			0.013266		0.981667		0.970000
0.28_0.34_6.10e+00_7.32e-04_49.4__983			0.014558		0.976667		0.970000
0.28_0.34_6.10e+00_7.32e-04_21.2__421			0.020044		0.968333		0.966667
0.28_0.34_6.10e+00_7.32e-04_28.7__579			0.032923		0.950000		0.946667
0.28_0.34_6.10e+00_7.32e-04_25.2__502			0.022195		0.946667		0.963333
0.28_0.34_6.10e+00_7.32e-04_12.1__248			0.041473		0.926667		0.913333
0.28_0.34_6.10e+00_7.32e-04_9.6__197			0.074151		0.826667		0.846667
0.28_0.34_6.10e+00_7.32e-04_38.8__775			0.027230		0.968333		0.961667
0.28_0.34_6.10e+00_7.32e-04_54.4__1083			0.015138		0.978333		0.970000
0.28_0.34_6.10e+00_7.32e-04_28.2__564			0.019060		0.973333		0.971667
0.28_0.34_6.10e+00_7.32e-04_56.9__1138			0.015934		0.966667		0.966667
0.28_0.34_6.10e+00_7.32e-04_21.2__424			0.024361		0.961667		0.973333
0.28_0.34_6.10e+00_7.32e-04_16.1__326			0.030144		0.958333		0.958333
0.28_0.34_6.10e+00_7.32e-04_18.1__361			0.017464		0.956667		0.968333
0.28_0.34_6.10e+00_7.32e-04_21.2__426			0.023424		0.963333		0.958333
0.28_0.34_6.10e+00_7.32e-04_41.8__836			0.018850		0.971667		0.963333
0.28_0.34_6.10e+00_7.32e-04_56.9__1136			0.020911		0.978333		0.956667
0.28_0.34_6.10e+00_7.32e-04_17.6__359			0.028398		0.953333		0.953333
0.28_0.34_6.10e+00_7.32e-04_49.4__986			0.021860		0.970000		0.958333
0.28_0.34_6.10e+00_7.32e-04_27.2__548			0.015176		0.963333		0.965000
0.28_0.34_6.10e+00_7.32e-04_23.2__465			0.027677		0.965000		0.960000
0.28_0.34_6.10e+00_7.32e-04_38.8__770			0.013270		0.983333		0.976667
0.28_0.34_6.10e+00_7.32e-04_15.6__312			0.052642		0.926667		0.921667
0.28_0.34_6.10e+00_7.32e-04_32.2__642			0.026894		0.955000		0.965000
0.28_0.34_6.10e+00_7.32e-04_5.0__107			0.148877		0.613333		0.595000
0.28_0.34_6.10e+00_7.32e-04_36.8__737			0.017550		0.973333		0.971667
0.28_0.34_6.10e+00_7.32e-04_20.6__419			0.032722		0.943333		0.938333
0.28_0.34_6.10e+00_7.32e-04_39.3__788			0.015894		0.963333		0.966667
0.28_0.34_6.10e+00_7.32e-04_50.9__1014			0.020345		0.971667		0.978333
0.28_0.34_6.10e+00_7.32e-04_51.9__1033			0.015573		0.980000		0.966667
0.28_0.34_6.10e+00_7.32e-04_26.7__538			0.018645		0.961667		0.965000
0.28_0.34_6.10e+00_7.32e-04_68.0__1358			0.017544		0.968333		0.963333
0.28_0.34_6.10e+00_7.32e-04_59.9__1195			0.028298		0.970000		0.958333
0.28_0.34_6.10e+00_7.32e-04_21.2__420			0.015818		0.975000		0.970000
0.28_0.34_6.10e+00_7.32e-04_43.3__863			0.013559		0.976667		0.968333
0.28_0.34_6.10e+00_7.32e-04_30.7__611			0.018425		0.968333		0.971667
0.28_0.34_6.10e+00_7.32e-04_26.7__532			0.026434		0.955000		0.961667
0.28_0.34_6.10e+00_7.32e-04_13.6__273			0.032668		0.948333		0.946667
0.28_0.34_6.10e+00_7.32e-04_43.8__876			0.020908		0.976667		0.961667
0.28_0.34_6.10e+00_7.32e-04_36.8__731			0.014770		0.975000		0.976667
0.28_0.34_6.10e+00_7.32e-04_19.6__398			0.020606		0.960000		0.963333
0.28_0.34_6.10e+00_7.32e-04_39.3__780			0.014865		0.980000		0.973333
0.28_0.34_6.10e+00_7.32e-04_46.3__928			0.018419		0.958333		0.966667
0.28_0.34_6.10e+00_7.32e-04_64.5__1285			0.025911		0.973333		0.958333
0.28_0.34_6.10e+00_7.32e-04_54.9__1093			0.013499		0.980000		0.976667
0.28_0.34_6.10e+00_7.32e-04_24.2__483			0.014873		0.981667		0.965000
0.28_0.34_6.10e+00_7.32e-04_11.6__233			0.042607		0.911667		0.891667
0.28_0.34_6.10e+00_7.32e-04_14.6__291			0.032406		0.925000		0.940000
0.28_0.34_6.10e+00_7.32e-04_19.6__393			0.014780		0.976667		0.968333
0.28_0.34_6.10e+00_7.32e-04_24.7__496			0.022148		0.968333		0.956667
0.28_0.34_6.10e+00_7.32e-04_32.7__652			0.023142		0.958333		0.960000
0.28_0.34_6.10e+00_7.32e-04_25.7__512			0.022135		0.953333		0.966667
0.28_0.34_6.10e+00_7.32e-04_32.7__651			0.015530		0.976667		0.978333
0.28_0.34_6.10e+00_7.32e-04_13.6__270			0.035977		0.945000		0.933333
0.28_0.34_6.10e+00_7.32e-04_27.7__559			0.025805		0.946667		0.951667
0.28_0.34_6.10e+00_7.32e-04_44.8__890			0.014885		0.978333		0.970000
0.28_0.34_6.10e+00_7.32e-04_44.3__887			0.020924		0.975000		0.968333
0.28_0.34_6.10e+00_7.32e-04_21.7__439			0.026082		0.951667		0.953333
0.28_0.34_6.10e+00_7.32e-04_26.2__529			0.027005		0.946667		0.951667
0.28_0.34_6.10e+00_7.32e-04_19.6__394			0.025597		0.961667		0.971667
0.28_0.34_6.10e+00_7.32e-04_35.8__715			0.030186		0.963333		0.945000
0.28_0.34_6.10e+00_7.32e-04_11.6__234			0.071742		0.868333		0.885000
0.28_0.34_6.10e+00_7.32e-04_18.6__375			0.035690		0.970000		0.951667
0.28_0.34_6.10e+00_7.32e-04_7.1__145			0.124557		0.760000		0.756667
0.28_0.34_6.10e+00_7.32e-04_8.1__160			0.082432		0.800000		0.783333
0.28_0.34_6.10e+00_7.32e-04_47.3__949			0.025452		0.951667		0.950000
0.28_0.34_6.10e+00_7.32e-04_30.2__604			0.020435		0.976667		0.976667
0.28_0.34_6.10e+00_7.32e-04_9.1__186			0.074908		0.801667		0.813333
0.28_0.34_6.10e+00_7.32e-04_24.7__497			0.020199		0.975000		0.976667
0.28_0.34_6.10e+00_7.32e-04_21.7__435			0.029410		0.968333		0.951667
0.28_0.34_6.10e+00_7.32e-04_21.7__436			0.025688		0.973333		0.965000
0.28_0.34_6.10e+00_7.32e-04_11.6__235			0.067315		0.858333		0.838333
0.28_0.34_6.10e+00_7.32e-04_13.6__277			0.038716		0.955000		0.958333
0.28_0.34_6.10e+00_7.32e-04_27.2__543			0.013537		0.980000		0.975000
0.28_0.34_6.10e+00_7.32e-04_16.6__333			0.019521		0.960000		0.956667
0.28_0.34_6.10e+00_7.32e-04_15.1__305			0.043876		0.946667		0.935000
0.28_0.34_6.10e+00_7.32e-04_41.8__832			0.024643		0.961667		0.963333
0.28_0.34_6.10e+00_7.32e-04_44.8__893			0.014702		0.980000		0.976667
0.28_0.34_6.10e+00_7.32e-04_43.3__862			0.023797		0.956667		0.971667
0.28_0.34_6.10e+00_7.32e-04_39.3__781			0.015298		0.973333		0.980000
0.28_0.34_6.10e+00_7.32e-04_20.6__413			0.014630		0.976667		0.966667
0.28_0.34_6.10e+00_7.32e-04_33.7__679			0.030753		0.948333		0.951667
0.28_0.34_6.10e+00_7.32e-04_27.7__556			0.020927		0.965000		0.965000
0.28_0.34_6.10e+00_7.32e-04_17.1__347			0.021349		0.966667		0.973333
0.28_0.34_6.10e+00_7.32e-04_22.7__451			0.018504		0.966667		0.971667
0.28_0.34_6.10e+00_7.32e-04_53.9__1077			0.018639		0.975000		0.976667
0.28_0.34_6.10e+00_7.32e-04_58.4__1160			0.015141		0.978333		0.976667
0.28_0.34_6.10e+00_7.32e-04_36.3__722			0.026369		0.950000		0.968333
0.28_0.34_6.10e+00_7.32e-04_20.6__418			0.025076		0.958333		0.975000
0.28_0.34_6.10e+00_7.32e-04_13.1__261			0.037617		0.896667		0.891667
0.28_0.34_6.10e+00_7.32e-04_8.1__165			0.167353		0.563333		0.585000
0.28_0.34_6.10e+00_7.32e-04_42.8__850			0.014168		0.978333		0.970000
0.28_0.34_6.10e+00_7.32e-04_32.2__643			0.013479		0.980000		0.971667
0.28_0.34_6.10e+00_7.32e-04_8.1__166			0.103825		0.735000		0.730000
0.28_0.34_6.10e+00_7.32e-04_34.7__696			0.021818		0.971667		0.968333
0.28_0.34_6.10e+00_7.32e-04_7.1__146			0.110506		0.651667		0.643333
0.28_0.34_6.10e+00_7.32e-04_35.8__714			0.020194		0.968333		0.976667
0.28_0.34_6.10e+00_7.32e-04_29.7__591			0.017592		0.973333		0.973333
0.28_0.34_6.10e+00_7.32e-04_15.6__316			0.035250		0.943333		0.943333
0.28_0.34_6.10e+00_7.32e-04_40.3__804			0.019327		0.973333		0.981667
0.28_0.34_6.10e+00_7.32e-04_8.1__162			0.132524		0.706667		0.685000
0.28_0.34_6.10e+00_7.32e-04_13.1__267			0.053754		0.915000		0.916667
0.28_0.34_6.10e+00_7.32e-04_9.1__188			0.093933		0.773333		0.745000
0.28_0.34_6.10e+00_7.32e-04_69.5__1382			0.021458		0.956667		0.965000
0.28_0.34_6.10e+00_7.32e-04_11.6__238			0.038483		0.928333		0.913333
0.28_0.34_6.10e+00_7.32e-04_17.6__357			0.024994		0.968333		0.975000
0.28_0.34_6.10e+00_7.32e-04_29.7__594			0.019304		0.973333		0.970000
0.28_0.34_6.10e+00_7.32e-04_60.4__1207			0.020749		0.978333		0.975000
0.28_0.34_6.10e+00_7.32e-04_34.7__697			0.018372		0.970000		0.971667
0.28_0.34_6.10e+00_7.32e-04_28.7__574			0.021934		0.966667		0.978333
0.28_0.34_6.10e+00_7.32e-04_18.1__368			0.023285		0.963333		0.965000
0.28_0.34_6.10e+00_7.32e-04_26.7__531			0.017522		0.975000		0.975000
0.28_0.34_6.10e+00_7.32e-04_52.9__1059			0.025193		0.951667		0.948333
0.28_0.34_6.10e+00_7.32e-04_40.3__805			0.030159		0.975000		0.955000
0.28_0.34_6.10e+00_7.32e-04_12.6__254			0.043373		0.926667		0.923333
0.28_0.34_6.10e+00_7.32e-04_56.4__1122			0.024412		0.943333		0.958333
0.28_0.34_6.10e+00_7.32e-04_16.1__324			0.033486		0.961667		0.945000
0.28_0.34_6.10e+00_7.32e-04_9.6__195			0.094728		0.795000		0.780000
0.28_0.34_6.10e+00_7.32e-04_2.0__49			0.153727		0.488333		0.515000
0.28_0.34_6.10e+00_7.32e-04_19.6__395			0.032913		0.961667		0.943333
0.28_0.34_6.10e+00_7.32e-04_29.2__587			0.020335		0.968333		0.973333
0.28_0.34_6.10e+00_7.32e-04_14.1__286			0.040482		0.941667		0.955000
0.28_0.34_6.10e+00_7.32e-04_20.1__409			0.032371		0.943333		0.955000
0.28_0.34_6.10e+00_7.32e-04_42.8__851			0.013876		0.980000		0.980000
0.28_0.34_6.10e+00_7.32e-04_23.2__464			0.020811		0.973333		0.975000
0.28_0.34_6.10e+00_7.32e-04_15.6__314			0.035596		0.951667		0.943333
0.28_0.34_6.10e+00_7.32e-04_42.3__844			0.021612		0.961667		0.973333
0.28_0.34_6.10e+00_7.32e-04_11.1__222			0.070507		0.863333		0.841667
0.28_0.34_6.10e+00_7.32e-04_10.1__207			0.066056		0.863333		0.886667
0.28_0.34_6.10e+00_7.32e-04_20.6__411			0.018275		0.968333		0.971667
0.28_0.34_6.10e+00_7.32e-04_6.5__133			0.140933		0.563333		0.555000
0.28_0.34_6.10e+00_7.32e-04_35.3__700			0.018506		0.980000		0.975000
0.28_0.34_6.10e+00_7.32e-04_27.7__558			0.016462		0.965000		0.968333
0.28_0.34_6.10e+00_7.32e-04_56.9__1132			0.022699		0.963333		0.973333
0.28_0.34_6.10e+00_7.32e-04_20.1__408			0.018564		0.965000		0.968333
0.28_0.34_6.10e+00_7.32e-04_42.8__859			0.028040		0.945000		0.956667
0.28_0.34_6.10e+00_7.32e-04_15.1__309			0.040938		0.950000		0.931667
0.28_0.34_6.10e+00_7.32e-04_53.4__1068			0.016284		0.963333		0.960000
0.28_0.34_6.10e+00_7.32e-04_53.9__1073			0.014859		0.983333		0.973333
0.28_0.34_6.10e+00_7.32e-04_13.1__264			0.041945		0.930000		0.936667
0.28_0.34_6.10e+00_7.32e-04_61.9__1239			0.024685		0.946667		0.955000
0.28_0.34_6.10e+00_7.32e-04_28.7__576			0.020289		0.970000		0.965000
0.28_0.34_6.10e+00_7.32e-04_14.1__280			0.030925		0.975000		0.953333
0.28_0.34_6.10e+00_7.32e-04_14.6__296			0.035446		0.956667		0.955000
0.28_0.34_6.10e+00_7.32e-04_10.6__217			0.064754		0.860000		0.873333
0.28_0.34_6.10e+00_7.32e-04_5.5__114			0.228998		0.473333		0.460000
0.28_0.34_6.10e+00_7.32e-04_12.1__245			0.066280		0.868333		0.848333
0.28_0.34_6.10e+00_7.32e-04_8.6__178			0.084846		0.778333		0.753333
0.28_0.34_6.10e+00_7.32e-04_6.0__129			0.156627		0.498333		0.525000
0.28_0.34_6.10e+00_7.32e-04_30.2__602			0.025422		0.950000		0.963333
0.28_0.34_6.10e+00_7.32e-04_4.0__88			0.219114		0.416667		0.393333
0.28_0.34_6.10e+00_7.32e-04_55.4__1103			0.014420		0.980000		0.968333
0.28_0.34_6.10e+00_7.32e-04_61.4__1226			0.023962		0.978333		0.956667
0.28_0.34_6.10e+00_7.32e-04_6.0__124			0.212724		0.515000		0.506667
0.28_0.34_6.10e+00_7.32e-04_8.1__164			0.205959		0.473333		0.460000
0.28_0.34_6.10e+00_7.32e-04_16.6__336			0.038170		0.946667		0.945000
0.28_0.34_6.10e+00_7.32e-04_9.6__194			0.098774		0.788333		0.810000
0.28_0.34_6.10e+00_7.32e-04_18.6__374			0.023550		0.960000		0.968333
0.28_0.34_6.10e+00_7.32e-04_23.7__472			0.023787		0.961667		0.961667
0.28_0.34_6.10e+00_7.32e-04_4.5__97			0.157144		0.618333		0.600000
0.28_0.34_6.10e+00_7.32e-04_8.6__171			0.062491		0.798333		0.791667
0.28_0.34_6.10e+00_7.32e-04_46.3__925			0.027408		0.981667		0.973333
0.28_0.34_6.10e+00_7.32e-04_14.6__297			0.034125		0.943333		0.945000
0.28_0.34_6.10e+00_7.32e-04_13.6__275			0.049763		0.938333		0.941667
0.28_0.34_6.10e+00_7.32e-04_64.5__1288			0.018468		0.971667		0.975000
0.28_0.34_6.10e+00_7.32e-04_27.7__555			0.029325		0.971667		0.960000
0.28_0.34_6.10e+00_7.32e-04_7.6__153			0.077467		0.806667		0.780000
0.28_0.34_6.10e+00_7.32e-04_29.7__592			0.023387		0.955000		0.973333
0.28_0.34_6.10e+00_7.32e-04_4.5__92			0.210001		0.406667		0.396667
0.28_0.34_6.10e+00_7.32e-04_34.2__684			0.021672		0.965000		0.970000
0.28_0.34_6.10e+00_7.32e-04_28.2__562			0.022038		0.960000		0.970000
0.28_0.34_6.10e+00_7.32e-04_26.2__523			0.012907		0.980000		0.971667
0.28_0.34_6.10e+00_7.32e-04_25.7__514			0.020208		0.970000		0.976667
0.28_0.34_6.10e+00_7.32e-04_48.8__970			0.014245		0.980000		0.976667
0.28_0.34_6.10e+00_7.32e-04_37.3__741			0.017408		0.971667		0.976667
0.28_0.34_6.10e+00_7.32e-04_5.0__105			0.173075		0.543333		0.553333
0.28_0.34_6.10e+00_7.32e-04_27.7__550			0.014148		0.978333		0.975000
0.28_0.34_6.10e+00_7.32e-04_13.1__266			0.047893		0.936667		0.936667
0.28_0.34_6.10e+00_7.32e-04_34.7__694			0.023479		0.965000		0.978333
0.28_0.34_6.10e+00_7.32e-04_6.0__127			0.121408		0.651667		0.648333
0.28_0.34_6.10e+00_7.32e-04_8.6__174			0.090039		0.798333		0.816667
0.28_0.34_6.10e+00_7.32e-04_20.1__400			0.016316		0.978333		0.978333
0.28_0.34_6.10e+00_7.32e-04_39.3__782			0.023136		0.963333		0.970000
0.28_0.34_6.10e+00_7.32e-04_66.0__1313			0.013148		0.981667		0.971667
0.28_0.34_6.10e+00_7.32e-04_40.8__818			0.016814		0.961667		0.963333
0.28_0.34_6.10e+00_7.32e-04_29.2__581			0.016447		0.973333		0.968333
0.28_0.34_6.10e+00_7.32e-04_55.9__1112			0.027851		0.955000		0.963333
0.28_0.34_6.10e+00_7.32e-04_22.7__459			0.027695		0.955000		0.955000
0.28_0.34_6.10e+00_7.32e-04_8.6__172			0.115544		0.725000		0.715000
0.28_0.34_6.10e+00_7.32e-04_38.3__769			0.028571		0.956667		0.953333
0.28_0.34_6.10e+00_7.32e-04_31.2__622			0.023917		0.955000		0.961667
0.28_0.34_6.10e+00_7.32e-04_42.3__848			0.015904		0.965000		0.965000
0.28_0.34_6.10e+00_7.32e-04_4.5__91			0.173571		0.430000		0.425000
0.28_0.34_6.10e+00_7.32e-04_11.1__225			0.069011		0.860000		0.851667
0.28_0.34_6.10e+00_7.32e-04_12.1__243			0.032964		0.931667		0.906667
0.28_0.34_6.10e+00_7.32e-04_31.7__631			0.016197		0.976667		0.985000
0.28_0.34_6.10e+00_7.32e-04_36.3__729			0.032624		0.945000		0.960000
0.28_0.34_6.10e+00_7.32e-04_36.3__720			0.014766		0.973333		0.971667
0.28_0.34_6.10e+00_7.32e-04_9.1__180			0.070571		0.801667		0.803333
0.28_0.34_6.10e+00_7.32e-04_48.8__974			0.020787		0.970000		0.970000
0.28_0.34_6.10e+00_7.32e-04_28.7__575			0.033097		0.976667		0.961667
0.28_0.34_6.10e+00_7.32e-04_64.0__1274			0.018580		0.970000		0.975000
0.28_0.34_6.10e+00_7.32e-04_32.2__646			0.019823		0.973333		0.966667
0.28_0.34_6.10e+00_7.32e-04_22.2__441			0.018358		0.971667		0.981667
0.28_0.34_6.10e+00_7.32e-04_12.1__249			0.045977		0.926667		0.898333
0.28_0.34_6.10e+00_7.32e-04_7.6__159			0.112119		0.733333		0.738333
0.28_0.34_6.10e+00_7.32e-04_6.5__138			0.174709		0.501667		0.490000
0.28_0.34_6.10e+00_7.32e-04_20.6__416			0.025268		0.960000		0.951667
0.28_0.34_6.10e+00_7.32e-04_19.1__386			0.026258		0.973333		0.963333
0.28_0.34_6.10e+00_7.32e-04_15.6__319			0.032813		0.960000		0.955000
0.28_0.34_6.10e+00_7.32e-04_19.1__385			0.038931		0.956667		0.946667
0.28_0.34_6.10e+00_7.32e-04_29.7__598			0.015271		0.971667		0.963333
0.28_0.34_6.10e+00_7.32e-04_9.1__183			0.070909		0.820000		0.796667
0.28_0.34_6.10e+00_7.32e-04_47.3__942			0.024022		0.963333		0.966667
0.28_0.34_6.10e+00_7.32e-04_32.7__650			0.015846		0.980000		0.975000
0.28_0.34_6.10e+00_7.32e-04_18.6__379			0.029633		0.956667		0.941667
0.28_0.34_6.10e+00_7.32e-04_15.6__318			0.026629		0.948333		0.946667
0.28_0.34_6.10e+00_7.32e-04_10.1__208			0.073891		0.813333		0.788333
0.28_0.34_6.10e+00_7.32e-04_37.8__758			0.015388		0.971667		0.973333
0.28_0.34_6.10e+00_7.32e-04_46.8__938			0.015305		0.966667		0.965000
0.28_0.34_6.10e+00_7.32e-04_16.6__339			0.034951		0.955000		0.946667
0.28_0.34_6.10e+00_7.32e-04_6.5__131			0.125441		0.646667		0.646667
0.28_0.34_6.10e+00_7.32e-04_6.0__121			0.116014		0.661667		0.646667
0.28_0.34_6.10e+00_7.32e-04_33.2__668			0.015966		0.965000		0.973333
0.28_0.34_6.10e+00_7.32e-04_20.6__412			0.030009		0.958333		0.960000
0.28_0.34_6.10e+00_7.32e-04_19.6__397			0.023004		0.978333		0.980000
0.28_0.34_6.10e+00_7.32e-04_5.5__119			0.168432		0.445000		0.445000
0.28_0.34_6.10e+00_7.32e-04_19.1__383			0.015034		0.976667		0.963333
0.28_0.34_6.10e+00_7.32e-04_10.6__213			0.055792		0.881667		0.873333
0.28_0.34_6.10e+00_7.32e-04_49.4__985			0.030175		0.980000		0.963333
0.28_0.34_6.10e+00_7.32e-04_27.2__549			0.029952		0.950000		0.951667
0.28_0.34_6.10e+00_7.32e-04_6.5__137			0.123928		0.620000		0.620000
0.28_0.34_6.10e+00_7.32e-04_8.6__170			0.086942		0.761667		0.770000
0.28_0.34_6.10e+00_7.32e-04_17.1__348			0.022211		0.958333		0.965000
0.28_0.34_6.10e+00_7.32e-04_2.5__56			0.176915		0.618333		0.636667
0.28_0.34_6.10e+00_7.32e-04_2.0__43			0.208590		0.395000		0.390000
0.28_0.34_6.10e+00_7.32e-04_36.8__739			0.031676		0.948333		0.956667
0.28_0.34_6.10e+00_7.32e-04_19.1__382			0.032496		0.961667		0.971667
0.28_0.34_6.10e+00_7.32e-04_14.1__281			0.029043		0.938333		0.936667
0.28_0.34_6.10e+00_7.32e-04_7.6__158			0.144892		0.590000		0.566667
0.28_0.34_6.10e+00_7.32e-04_16.6__337			0.031480		0.960000		0.965000
0.28_0.34_6.10e+00_7.32e-04_17.6__355			0.036795		0.961667		0.955000
0.28_0.34_6.10e+00_7.32e-04_26.2__524			0.023879		0.963333		0.976667
0.28_0.34_6.10e+00_7.32e-04_11.1__229			0.056883		0.865000		0.840000
0.28_0.34_6.10e+00_7.32e-04_32.2__641			0.016981		0.978333		0.985000
0.28_0.34_6.10e+00_7.32e-04_64.0__1275			0.028928		0.973333		0.958333
0.28_0.34_6.10e+00_7.32e-04_29.2__588			0.016704		0.963333		0.968333
0.28_0.34_6.10e+00_7.32e-04_18.6__373			0.015480		0.970000		0.960000
0.28_0.34_6.10e+00_7.32e-04_1.5__37			0.152367		0.596667		0.570000
0.28_0.34_6.10e+00_7.32e-04_4.0__89			0.196827		0.455000		0.470000
0.28_0.34_6.10e+00_7.32e-04_54.9__1098			0.018537		0.961667		0.963333
0.28_0.34_6.10e+00_7.32e-04_15.1__307			0.032207		0.945000		0.958333
0.28_0.34_6.10e+00_7.32e-04_19.1__381			0.018828		0.970000		0.975000
0.28_0.34_6.10e+00_7.32e-04_13.1__260			0.037360		0.945000		0.943333
0.28_0.34_6.10e+00_7.32e-04_33.2__669			0.027863		0.951667		0.953333
0.28_0.34_6.10e+00_7.32e-04_8.6__176			0.073918		0.775000		0.790000
0.28_0.34_6.10e+00_7.32e-04_31.7__636			0.020484		0.975000		0.968333
0.28_0.34_6.10e+00_7.32e-04_18.1__369			0.038489		0.961667		0.941667
0.28_0.34_6.10e+00_7.32e-04_25.7__515			0.033357		0.966667		0.951667
0.28_0.34_6.10e+00_7.32e-04_26.2__525			0.025656		0.976667		0.960000
0.28_0.34_6.10e+00_7.32e-04_13.6__274			0.035212		0.956667		0.953333
0.28_0.34_6.10e+00_7.32e-04_26.7__536			0.021016		0.973333		0.963333
0.28_0.34_6.10e+00_7.32e-04_6.0__123			0.162121		0.573333		0.558333
0.28_0.34_6.10e+00_7.32e-04_5.5__118			0.203122		0.421667		0.393333
0.28_0.34_6.10e+00_7.32e-04_12.6__255			0.054284		0.896667		0.886667
0.28_0.34_6.10e+00_7.32e-04_37.8__752			0.024164		0.951667		0.961667
0.28_0.34_6.10e+00_7.32e-04_34.2__683			0.012572		0.980000		0.973333
0.28_0.34_6.10e+00_7.32e-04_20.1__407			0.022920		0.976667		0.968333
0.28_0.34_6.10e+00_7.32e-04_12.1__241			0.032769		0.936667		0.945000
0.28_0.34_6.10e+00_7.32e-04_2.0__41			0.188031		0.415000		0.400000
0.28_0.34_6.10e+00_7.32e-04_17.6__352			0.034401		0.955000		0.961667
0.28_0.34_6.10e+00_7.32e-04_57.9__1154			0.019717		0.973333		0.976667
0.28_0.34_6.10e+00_7.32e-04_39.8__798			0.017827		0.956667		0.966667
0.28_0.34_6.10e+00_7.32e-04_13.6__271			0.032861		0.933333		0.958333
0.28_0.34_6.10e+00_7.32e-04_21.7__431			0.014028		0.975000		0.980000
0.28_0.34_6.10e+00_7.32e-04_8.6__177			0.090070		0.796667		0.803333
0.28_0.34_6.10e+00_7.32e-04_16.6__332			0.046098		0.935000		0.941667
0.28_0.34_6.10e+00_7.32e-04_11.1__224			0.077739		0.838333		0.863333
0.28_0.34_6.10e+00_7.32e-04_18.1__366			0.029357		0.965000		0.953333
0.28_0.34_6.10e+00_7.32e-04_7.1__142			0.147921		0.646667		0.643333
0.28_0.34_6.10e+00_7.32e-04_32.2__647			0.018783		0.975000		0.975000
0.28_0.34_6.10e+00_7.32e-04_29.2__584			0.020944		0.971667		0.971667
0.28_0.34_6.10e+00_7.32e-04_7.6__150			0.119822		0.628333		0.675000
0.28_0.34_6.10e+00_7.32e-04_34.2__689			0.032970		0.943333		0.953333
0.28_0.34_6.10e+00_7.32e-04_22.7__452			0.026544		0.958333		0.960000
0.28_0.34_6.10e+00_7.32e-04_18.6__370			0.017304		0.975000		0.965000
0.28_0.34_6.10e+00_7.32e-04_60.9__1214			0.020501		0.971667		0.975000
0.28_0.34_6.10e+00_7.32e-04_44.8__894			0.018244		0.970000		0.975000
0.28_0.34_6.10e+00_7.32e-04_19.1__389			0.029781		0.950000		0.950000
0.28_0.34_6.10e+00_7.32e-04_31.2__621			0.015850		0.985000		0.983333
0.28_0.34_6.10e+00_7.32e-04_7.1__140			0.118902		0.651667		0.698333
0.28_0.34_6.10e+00_7.32e-04_11.6__237			0.056072		0.933333		0.941667
0.28_0.34_6.10e+00_7.32e-04_27.2__540			0.014908		0.980000		0.965000
0.28_0.34_6.10e+00_7.32e-04_5.5__113			0.154003		0.585000		0.566667
0.28_0.34_6.10e+00_7.32e-04_25.2__501			0.016112		0.973333		0.976667
0.28_0.34_6.10e+00_7.32e-04_28.2__563			0.016424		0.978333		0.966667
0.28_0.34_6.10e+00_7.32e-04_25.2__503			0.013599		0.980000		0.971667
0.28_0.34_6.10e+00_7.32e-04_7.1__148			0.135001		0.608333		0.580000
0.28_0.34_6.10e+00_7.32e-04_18.6__376			0.026110		0.971667		0.965000
0.28_0.34_6.10e+00_7.32e-04_34.2__681			0.014442		0.980000		0.975000
0.28_0.34_6.10e+00_7.32e-04_30.7__614			0.020395		0.971667		0.970000
0.28_0.34_6.10e+00_7.32e-04_26.2__527			0.019248		0.966667		0.968333
0.28_0.34_6.10e+00_7.32e-04_20.1__402			0.027547		0.961667		0.966667
0.28_0.34_6.10e+00_7.32e-04_37.3__749			0.036684		0.943333		0.948333
0.28_0.34_6.10e+00_7.32e-04_36.3__724			0.021556		0.971667		0.975000
0.28_0.34_6.10e+00_7.32e-04_48.8__972			0.033332		0.958333		0.956667
0.28_0.34_6.10e+00_7.32e-04_24.7__492			0.027021		0.953333		0.963333
0.28_0.34_6.10e+00_7.32e-04_11.6__230			0.045945		0.890000		0.858333
0.28_0.34_6.10e+00_7.32e-04_5.0__102			0.194542		0.471667		0.463333
0.28_0.34_6.10e+00_7.32e-04_35.3__701			0.016794		0.975000		0.970000
0.28_0.34_6.10e+00_7.32e-04_22.7__450			0.017182		0.976667		0.973333
0.28_0.34_6.10e+00_7.32e-04_4.0__87			0.170942		0.546667		0.528333
0.28_0.34_6.10e+00_7.32e-04_29.7__599			0.032514		0.943333		0.948333
0.28_0.34_6.10e+00_7.32e-04_30.2__607			0.021367		0.968333		0.973333
0.28_0.34_6.10e+00_7.32e-04_18.1__360			0.023402		0.966667		0.973333
0.28_0.34_6.10e+00_7.32e-04_16.6__334			0.030568		0.956667		0.958333
0.28_0.34_6.10e+00_7.32e-04_9.6__196			0.075553		0.815000		0.848333
0.28_0.34_6.10e+00_7.32e-04_16.6__331			0.019864		0.963333		0.961667
0.28_0.34_6.10e+00_7.32e-04_31.7__634			0.022306		0.973333		0.966667
0.28_0.34_6.10e+00_7.32e-04_24.2__485			0.033119		0.973333		0.968333
0.28_0.34_6.10e+00_7.32e-04_5.5__112			0.218153		0.426667		0.433333
0.28_0.34_6.10e+00_7.32e-04_18.6__372			0.035622		0.958333		0.958333
0.28_0.34_6.10e+00_7.32e-04_10.6__219			0.061272		0.846667		0.823333
0.28_0.34_6.10e+00_7.32e-04_24.7__499			0.029373		0.951667		0.948333
0.28_0.34_6.10e+00_7.32e-04_16.1__325			0.041269		0.945000		0.945000
0.28_0.34_6.10e+00_7.32e-04_14.6__290			0.026185		0.950000		0.953333
0.28_0.34_6.10e+00_7.32e-04_43.8__877			0.021969		0.976667		0.970000
0.28_0.34_6.10e+00_7.32e-04_10.1__200			0.056570		0.876667		0.846667
0.28_0.34_6.10e+00_7.32e-04_45.8__919			0.026383		0.951667		0.953333
0.28_0.34_6.10e+00_7.32e-04_2.5__54			0.195843		0.500000		0.483333
0.28_0.34_6.10e+00_7.32e-04_41.3__829			0.028294		0.951667		0.960000
0.28_0.34_6.10e+00_7.32e-04_17.1__342			0.043254		0.945000		0.941667
0.28_0.34_6.10e+00_7.32e-04_22.2__442			0.025339		0.956667		0.968333
0.28_0.34_6.10e+00_7.32e-04_18.1__364			0.024777		0.966667		0.971667
0.28_0.34_6.10e+00_7.32e-04_3.5__74			0.195833		0.513333		0.500000
0.28_0.34_6.10e+00_7.32e-04_17.1__344			0.029551		0.956667		0.968333
0.28_0.34_6.10e+00_7.32e-04_12.1__247			0.047078		0.935000		0.951667
0.28_0.34_6.10e+00_7.32e-04_10.1__203			0.061349		0.856667		0.835000
0.28_0.34_6.10e+00_7.32e-04_7.6__152			0.188746		0.520000		0.513333
0.28_0.34_6.10e+00_7.32e-04_25.2__506			0.021310		0.966667		0.963333
0.28_0.34_6.10e+00_7.32e-04_27.7__551			0.016862		0.976667		0.983333
0.28_0.34_6.10e+00_7.32e-04_14.6__292			0.068883		0.890000		0.900000
0.28_0.34_6.10e+00_7.32e-04_24.2__484			0.018172		0.970000		0.976667
0.28_0.34_6.10e+00_7.32e-04_13.6__279			0.041728		0.943333		0.923333
0.28_0.34_6.10e+00_7.32e-04_24.7__493			0.012931		0.978333		0.970000
0.28_0.34_6.10e+00_7.32e-04_15.1__303			0.024540		0.958333		0.953333
0.28_0.34_6.10e+00_7.32e-04_23.7__474			0.024432		0.971667		0.971667
0.28_0.34_6.10e+00_7.32e-04_20.6__415			0.027760		0.970000		0.960000
0.28_0.34_6.10e+00_7.32e-04_30.7__613			0.012272		0.980000		0.975000
0.28_0.34_6.10e+00_7.32e-04_3.0__67			0.205127		0.383333		0.368333
0.28_0.34_6.10e+00_7.32e-04_61.9__1234			0.021098		0.958333		0.980000
0.28_0.34_6.10e+00_7.32e-04_35.3__709			0.030394		0.950000		0.951667
0.28_0.34_6.10e+00_7.32e-04_8.1__168			0.135913		0.638333		0.600000
0.28_0.34_6.10e+00_7.32e-04_23.2__461			0.019883		0.963333		0.968333
0.28_0.34_6.10e+00_7.32e-04_24.2__480			0.013756		0.976667		0.975000
0.28_0.34_6.10e+00_7.32e-04_17.1__346			0.029522		0.965000		0.963333
0.28_0.34_6.10e+00_7.32e-04_15.1__301			0.027102		0.943333		0.951667
0.28_0.34_6.10e+00_7.32e-04_5.0__106			0.176640		0.618333		0.623333
0.28_0.34_6.10e+00_7.32e-04_15.6__310			0.022675		0.973333		0.971667
0.28_0.34_6.10e+00_7.32e-04_20.1__405			0.035978		0.965000		0.953333
0.28_0.34_6.10e+00_7.32e-04_18.1__362			0.041752		0.951667		0.943333
0.28_0.34_6.10e+00_7.32e-04_37.3__748			0.016409		0.968333		0.963333
0.28_0.34_6.10e+00_7.32e-04_35.8__711			0.016650		0.968333		0.970000
0.28_0.34_6.10e+00_7.32e-04_28.7__572			0.028231		0.953333		0.960000
0.28_0.34_6.10e+00_7.32e-04_17.6__353			0.018591		0.966667		0.963333
0.28_0.34_6.10e+00_7.32e-04_17.6__356			0.027023		0.965000		0.960000
0.28_0.34_6.10e+00_7.32e-04_12.1__242			0.060491		0.863333		0.835000
0.28_0.34_6.10e+00_7.32e-04_49.4__984			0.020781		0.966667		0.975000
0.28_0.34_6.10e+00_7.32e-04_21.7__434			0.025431		0.963333		0.968333
0.28_0.34_6.10e+00_7.32e-04_18.6__378			0.022018		0.966667		0.970000
0.28_0.34_6.10e+00_7.32e-04_23.2__469			0.029617		0.948333		0.953333
0.28_0.34_6.10e+00_7.32e-04_51.9__1039			0.026573		0.948333		0.953333
0.28_0.34_6.10e+00_7.32e-04_3.5__76			0.214972		0.353333		0.368333
0.28_0.34_6.10e+00_7.32e-04_3.0__62			0.223912		0.385000		0.368333
0.28_0.34_6.10e+00_7.32e-04_51.9__1031			0.013959		0.965000		0.978333
0.28_0.34_6.10e+00_7.32e-04_36.8__732			0.023378		0.955000		0.960000
0.28_0.34_6.10e+00_7.32e-04_32.7__657			0.018249		0.970000		0.970000
0.28_0.34_6.10e+00_7.32e-04_10.1__209			0.093821		0.766667		0.758333
0.28_0.34_6.10e+00_7.32e-04_4.5__93			0.177471		0.528333		0.510000
0.28_0.34_6.10e+00_7.32e-04_21.7__438			0.019371		0.965000		0.961667
0.28_0.34_6.10e+00_7.32e-04_10.6__210			0.052483		0.880000		0.856667
0.28_0.34_6.10e+00_7.32e-04_50.4__1005			0.028636		0.973333		0.956667
0.28_0.34_6.10e+00_7.32e-04_17.1__341			0.018511		0.956667		0.960000
0.28_0.34_6.10e+00_7.32e-04_7.6__151			0.125769		0.653333		0.671667
0.28_0.34_6.10e+00_7.32e-04_9.1__185			0.089916		0.801667		0.781667
0.28_0.34_6.10e+00_7.32e-04_3.0__60			0.241971		0.355000		0.391667
0.28_0.34_6.10e+00_7.32e-04_2.5__58			0.191114		0.415000		0.390000
0.28_0.34_6.10e+00_7.32e-04_10.1__202			0.086598		0.801667		0.780000
0.28_0.34_6.10e+00_7.32e-04_15.6__313			0.023706		0.956667		0.955000
0.28_0.34_6.10e+00_7.32e-04_6.0__126			0.169957		0.613333		0.611667
0.28_0.34_6.10e+00_7.32e-04_4.5__94			0.203755		0.401667		0.381667
0.28_0.34_6.10e+00_7.32e-04_25.2__505			0.026033		0.976667		0.960000
0.28_0.34_6.10e+00_7.32e-04_14.6__294			0.040892		0.935000		0.941667
0.28_0.34_6.10e+00_7.32e-04_28.7__577			0.018174		0.975000		0.973333
0.28_0.34_6.10e+00_7.32e-04_3.5__71			0.186792		0.420000		0.403333
0.28_0.34_6.10e+00_7.32e-04_11.6__232			0.069350		0.863333		0.843333
0.28_0.34_6.10e+00_7.32e-04_4.5__98			0.200473		0.420000		0.390000
0.28_0.34_6.10e+00_7.32e-04_6.5__136			0.137716		0.618333		0.636667
0.28_0.34_6.10e+00_7.32e-04_23.7__479			0.032159		0.948333		0.951667
0.28_0.34_6.10e+00_7.32e-04_0.0__4			0.218528		0.546667		0.548333
0.28_0.34_6.10e+00_7.32e-04_2.5__52			0.247851		0.385000		0.366667
0.28_0.34_6.10e+00_7.32e-04_14.1__287			0.035866		0.960000		0.965000
0.28_0.34_6.10e+00_7.32e-04_12.6__250			0.033284		0.948333		0.925000
0.28_0.34_6.10e+00_7.32e-04_23.7__471			0.018432		0.973333		0.978333
0.28_0.34_6.10e+00_7.32e-04_14.1__284			0.044838		0.930000		0.933333
0.28_0.34_6.10e+00_7.32e-04_3.5__77			0.173129		0.518333		0.490000
0.28_0.34_6.10e+00_7.32e-04_10.6__212			0.072741		0.858333		0.840000
0.28_0.34_6.10e+00_7.32e-04_1.0__29			0.155504		0.476667		0.488333
0.28_0.34_6.10e+00_7.32e-04_28.2__568			0.015511		0.971667		0.976667
0.28_0.34_6.10e+00_7.32e-04_1.5__39			0.166307		0.466667		0.490000
0.28_0.34_6.10e+00_7.32e-04_46.8__933			0.011959		0.980000		0.975000
0.28_0.34_6.10e+00_7.32e-04_1.5__33			0.158200		0.581667		0.573333
0.28_0.34_6.10e+00_7.32e-04_7.1__149			0.194094		0.486667		0.501667
0.28_0.34_6.10e+00_7.32e-04_9.6__192			0.088431		0.795000		0.776667
0.28_0.34_6.10e+00_7.32e-04_16.1__321			0.023482		0.946667		0.960000
0.28_0.34_6.10e+00_7.32e-04_6.5__135			0.151451		0.591667		0.601667
0.28_0.34_6.10e+00_7.32e-04_3.5__73			0.221186		0.378333		0.370000
0.28_0.34_6.10e+00_7.32e-04_20.1__403			0.015565		0.975000		0.970000
0.28_0.34_6.10e+00_7.32e-04_6.0__120			0.122027		0.681667		0.688333
0.28_0.34_6.10e+00_7.32e-04_35.3__703			0.016771		0.978333		0.961667
0.28_0.34_6.10e+00_7.32e-04_0.0__1			0.155394		0.525000		0.525000
0.28_0.34_6.10e+00_7.32e-04_11.1__221			0.059150		0.846667		0.851667
0.28_0.34_6.10e+00_7.32e-04_17.6__350			0.017398		0.975000		0.970000
0.28_0.34_6.10e+00_7.32e-04_0.0__3			0.174517		0.566667		0.550000
0.28_0.34_6.10e+00_7.32e-04_5.5__115			0.161567		0.556667		0.568333
0.28_0.34_6.10e+00_7.32e-04_5.0__104			0.175429		0.590000		0.591667
0.28_0.34_6.10e+00_7.32e-04_6.5__139			0.167297		0.506667		0.543333
0.28_0.34_6.10e+00_7.32e-04_25.7__517			0.019814		0.976667		0.971667
0.28_0.34_6.10e+00_7.32e-04_18.6__377			0.022305		0.970000		0.968333
0.28_0.34_6.10e+00_7.32e-04_32.7__656			0.019245		0.971667		0.968333
0.28_0.34_6.10e+00_7.32e-04_17.1__343			0.017415		0.970000		0.961667
0.28_0.34_6.10e+00_7.32e-04_10.6__218			0.061278		0.856667		0.840000
0.28_0.34_6.10e+00_7.32e-04_19.6__396			0.025364		0.970000		0.960000
0.28_0.34_6.10e+00_7.32e-04_33.7__674			0.021801		0.963333		0.980000
0.28_0.34_6.10e+00_7.32e-04_8.6__179			0.090584		0.755000		0.736667
0.28_0.34_6.10e+00_7.32e-04_15.1__304			0.036348		0.955000		0.938333
0.28_0.34_6.10e+00_7.32e-04_7.1__147			0.122553		0.695000		0.720000
0.28_0.34_6.10e+00_7.32e-04_30.2__605			0.025871		0.978333		0.960000
0.28_0.34_6.10e+00_7.32e-04_3.5__78			0.219620		0.413333		0.396667
0.28_0.34_6.10e+00_7.32e-04_12.1__246			0.046120		0.901667		0.921667
0.28_0.34_6.10e+00_7.32e-04_33.2__663			0.014794		0.981667		0.976667
0.28_0.34_6.10e+00_7.32e-04_6.5__132			0.221607		0.435000		0.440000
0.28_0.34_6.10e+00_7.32e-04_14.6__295			0.047550		0.941667		0.933333
0.28_0.34_6.10e+00_7.32e-04_2.0__45			0.180099		0.540000		0.560000
0.28_0.34_6.10e+00_7.32e-04_6.0__125			0.146132		0.606667		0.611667
0.28_0.34_6.10e+00_7.32e-04_30.2__600			0.015682		0.976667		0.975000
0.28_0.34_6.10e+00_7.32e-04_25.7__513			0.014208		0.981667		0.966667
0.28_0.34_6.10e+00_7.32e-04_3.5__70			0.244565		0.353333		0.390000
0.28_0.34_6.10e+00_7.32e-04_4.0__82			0.203803		0.425000		0.415000
0.28_0.34_6.10e+00_7.32e-04_1.0__28			0.213019		0.538333		0.511667
0.28_0.34_6.10e+00_7.32e-04_10.1__205			0.078529		0.841667		0.813333
0.28_0.34_6.10e+00_7.32e-04_0.5__11			0.124720		0.636667		0.638333
0.28_0.34_6.10e+00_7.32e-04_4.0__85			0.168443		0.541667		0.565000
0.28_0.34_6.10e+00_7.32e-04_30.7__617			0.020381		0.973333		0.978333
0.28_0.34_6.10e+00_7.32e-04_5.5__117			0.165609		0.561667		0.545000
0.28_0.34_6.10e+00_7.32e-04_30.7__618			0.017405		0.970000		0.976667
0.28_0.34_6.10e+00_7.32e-04_2.0__42			0.255132		0.390000		0.375000
0.28_0.34_6.10e+00_7.32e-04_1.0__24			0.197985		0.583333		0.588333
0.28_0.34_6.10e+00_7.32e-04_12.1__240			0.035860		0.941667		0.915000
0.28_0.34_6.10e+00_7.32e-04_12.1__244			0.067215		0.901667		0.903333
0.28_0.34_6.10e+00_7.32e-04_16.1__327			0.028038		0.963333		0.966667
0.28_0.34_6.10e+00_7.32e-04_3.5__75			0.168212		0.546667		0.568333
0.28_0.34_6.10e+00_7.32e-04_1.5__32			0.202764		0.440000		0.435000
0.28_0.34_6.10e+00_7.32e-04_11.1__226			0.064582		0.863333		0.893333
0.28_0.34_6.10e+00_7.32e-04_1.5__36			0.213004		0.628333		0.630000
0.28_0.34_6.10e+00_7.32e-04_4.5__95			0.174047		0.521667		0.545000
0.28_0.34_6.10e+00_7.32e-04_7.1__144			0.159574		0.503333		0.501667
0.28_0.34_6.10e+00_7.32e-04_14.1__283			0.030952		0.946667		0.940000
0.28_0.34_6.10e+00_7.32e-04_11.1__223			0.048902		0.913333		0.891667
0.28_0.34_6.10e+00_7.32e-04_25.7__510			0.013675		0.976667		0.976667
0.28_0.34_6.10e+00_7.32e-04_17.6__351			0.019195		0.953333		0.968333
0.28_0.34_6.10e+00_7.32e-04_48.3__966			0.021884		0.963333		0.961667
0.28_0.34_6.10e+00_7.32e-04_5.0__101			0.150850		0.530000		0.531667
0.28_0.34_6.10e+00_7.32e-04_25.7__519			0.029464		0.948333		0.948333
0.28_0.34_6.10e+00_7.32e-04_0.5__19			0.152444		0.505000		0.510000
0.28_0.34_6.10e+00_7.32e-04_32.7__654			0.022139		0.973333		0.970000
0.28_0.34_6.10e+00_7.32e-04_2.5__50			0.231838		0.355000		0.391667
0.28_0.34_6.10e+00_7.32e-04_16.1__329			0.032574		0.958333		0.955000
0.28_0.34_6.10e+00_7.32e-04_29.2__582			0.021291		0.961667		0.975000
0.28_0.34_6.10e+00_7.32e-04_14.6__293			0.024427		0.951667		0.950000
0.28_0.34_6.10e+00_7.32e-04_7.6__155			0.127993		0.676667		0.696667
0.28_0.34_6.10e+00_7.32e-04_23.2__463			0.013841		0.981667		0.975000
0.28_0.34_6.10e+00_7.32e-04_21.7__432			0.030764		0.958333		0.963333
0.28_0.34_6.10e+00_7.32e-04_4.0__84			0.195451		0.518333		0.510000
0.28_0.34_6.10e+00_7.32e-04_21.7__433			0.015964		0.971667		0.973333
0.28_0.34_6.10e+00_7.32e-04_0.0__0			0.250000		0.358333		0.398333
0.28_0.34_6.10e+00_7.32e-04_15.6__315			0.042705		0.933333		0.923333
0.28_0.34_6.10e+00_7.32e-04_19.1__380			0.016726		0.978333		0.975000
0.28_0.34_6.10e+00_7.32e-04_13.1__268			0.036470		0.936667		0.928333
0.28_0.34_6.10e+00_7.32e-04_21.2__423			0.014124		0.973333		0.965000
0.28_0.34_6.10e+00_7.32e-04_9.6__193			0.063408		0.828333		0.811667
0.28_0.34_6.10e+00_7.32e-04_21.2__428			0.022807		0.965000		0.966667
0.28_0.34_6.10e+00_7.32e-04_17.1__349			0.034003		0.943333		0.950000
0.28_0.34_6.10e+00_7.32e-04_24.2__481			0.017198		0.970000		0.975000
0.28_0.34_6.10e+00_7.32e-04_7.1__143			0.152938		0.573333		0.560000
0.28_0.34_6.10e+00_7.32e-04_5.0__100			0.202481		0.360000		0.403333
0.28_0.34_6.10e+00_7.32e-04_32.2__649			0.029230		0.948333		0.956667
0.28_0.34_6.10e+00_7.32e-04_24.7__494			0.022861		0.966667		0.976667
0.28_0.34_6.10e+00_7.32e-04_5.0__103			0.157683		0.575000		0.565000
0.28_0.34_6.10e+00_7.32e-04_30.2__601			0.017912		0.970000		0.973333
0.28_0.34_6.10e+00_7.32e-04_58.9__1172			0.021255		0.958333		0.971667
0.28_0.34_6.10e+00_7.32e-04_11.6__239			0.057213		0.856667		0.835000
0.28_0.34_6.10e+00_7.32e-04_0.5__13			0.141766		0.583333		0.583333
0.28_0.34_6.10e+00_7.32e-04_6.5__134			0.194851		0.448333		0.430000
0.28_0.34_6.10e+00_7.32e-04_4.0__83			0.185758		0.525000		0.508333
0.28_0.34_6.10e+00_7.32e-04_5.5__116			0.178186		0.611667		0.608333
0.28_0.34_6.10e+00_7.32e-04_29.2__583			0.015700		0.976667		0.968333
0.28_0.34_6.10e+00_7.32e-04_19.6__392			0.028015		0.960000		0.961667
0.28_0.34_6.10e+00_7.32e-04_20.6__414			0.024838		0.958333		0.965000
0.28_0.34_6.10e+00_7.32e-04_1.0__25			0.197283		0.481667		0.520000
0.28_0.34_6.10e+00_7.32e-04_2.5__51			0.189947		0.418333		0.390000
0.28_0.34_6.10e+00_7.32e-04_1.5__30			0.148241		0.595000		0.633333
0.28_0.34_6.10e+00_7.32e-04_7.6__154			0.181142		0.491667		0.480000
0.28_0.34_6.10e+00_7.32e-04_1.0__20			0.143123		0.570000		0.606667
0.28_0.34_6.10e+00_7.32e-04_3.0__69			0.182189		0.450000		0.473333
0.28_0.34_6.10e+00_7.32e-04_1.5__34			0.283459		0.373333		0.348333
0.28_0.34_6.10e+00_7.32e-04_1.5__35			0.171518		0.540000		0.563333
0.28_0.34_6.10e+00_7.32e-04_36.8__733			0.014464		0.971667		0.958333
0.28_0.34_6.10e+00_7.32e-04_3.0__65			0.166527		0.591667		0.600000
0.28_0.34_6.10e+00_7.32e-04_19.1__384			0.023823		0.973333		0.976667
0.28_0.34_6.10e+00_7.32e-04_3.5__79			0.179061		0.431667		0.461667
0.28_0.34_6.10e+00_7.32e-04_14.1__282			0.070565		0.891667		0.888333
0.28_0.34_6.10e+00_7.32e-04_10.6__215			0.071198		0.856667		0.836667
0.28_0.34_6.10e+00_7.32e-04_8.1__163			0.091473		0.801667		0.761667
0.28_0.34_6.10e+00_7.32e-04_22.2__447			0.023055		0.971667		0.981667
0.28_0.34_6.10e+00_7.32e-04_14.1__285			0.044702		0.941667		0.940000
0.28_0.34_6.10e+00_7.32e-04_12.6__251			0.035952		0.921667		0.926667
0.28_0.34_6.10e+00_7.32e-04_1.0__22			0.231859		0.428333		0.423333
0.28_0.34_6.10e+00_7.32e-04_51.4__1022			0.023072		0.963333		0.973333
0.28_0.34_6.10e+00_7.32e-04_0.5__10			0.131272		0.575000		0.620000
0.28_0.34_6.10e+00_7.32e-04_27.7__554			0.020740		0.971667		0.975000
0.28_0.34_6.10e+00_7.32e-04_12.6__259			0.048813		0.928333		0.916667
0.28_0.34_6.10e+00_7.32e-04_28.2__567			0.020287		0.978333		0.973333
0.28_0.34_6.10e+00_7.32e-04_10.6__216			0.074087		0.863333		0.888333
0.28_0.34_6.10e+00_7.32e-04_3.5__72			0.215584		0.395000		0.385000
0.28_0.34_6.10e+00_7.32e-04_27.2__546			0.022237		0.968333		0.956667
0.28_0.34_6.10e+00_7.32e-04_31.7__639			0.031969		0.950000		0.948333
0.28_0.34_6.10e+00_7.32e-04_8.6__173			0.073248		0.815000		0.790000
0.28_0.34_6.10e+00_7.32e-04_8.1__161			0.097726		0.686667		0.683333
0.28_0.34_6.10e+00_7.32e-04_21.2__422			0.025068		0.960000		0.966667
0.28_0.34_6.10e+00_7.32e-04_1.5__31			0.155682		0.486667		0.476667
0.28_0.34_6.10e+00_7.32e-04_4.5__90			0.204094		0.358333		0.401667
0.28_0.34_6.10e+00_7.32e-04_2.0__40			0.224197		0.355000		0.395000
0.28_0.34_6.10e+00_7.32e-04_0.0__2			0.257896		0.388333		0.368333
0.28_0.34_6.10e+00_7.32e-04_42.8__852			0.023238		0.960000		0.970000
0.28_0.34_6.10e+00_7.32e-04_2.0__46			0.244691		0.626667		0.635000
0.28_0.34_6.10e+00_7.32e-04_10.6__214			0.079403		0.831667		0.855000
0.28_0.34_6.10e+00_7.32e-04_3.0__61			0.186984		0.416667		0.400000
0.28_0.34_6.10e+00_7.32e-04_56.4__1128			0.016030		0.970000		0.970000
0.28_0.34_6.10e+00_7.32e-04_2.0__47			0.157820		0.596667		0.581667
0.28_0.34_6.10e+00_7.32e-04_0.0__7			0.207556		0.388333		0.370000
0.28_0.34_6.10e+00_7.32e-04_33.2__662			0.027912		0.948333		0.961667
0.28_0.34_6.10e+00_7.32e-04_4.5__99			0.179013		0.496667		0.505000
0.28_0.34_6.10e+00_7.32e-04_2.5__59			0.162393		0.485000		0.505000
0.28_0.34_6.10e+00_7.32e-04_10.1__204			0.089628		0.828333		0.863333
0.28_0.34_6.10e+00_7.32e-04_22.2__446			0.021818		0.968333		0.960000
0.28_0.34_6.10e+00_7.32e-04_10.6__211			0.059088		0.841667		0.845000
0.28_0.34_6.10e+00_7.32e-04_14.1__289			0.045752		0.953333		0.945000
0.28_0.34_6.10e+00_7.32e-04_8.1__169			0.086207		0.763333		0.756667
0.28_0.34_6.10e+00_7.32e-04_6.0__122			0.175220		0.491667		0.490000
0.28_0.34_6.10e+00_7.32e-04_23.2__462			0.023651		0.960000		0.973333
0.28_0.34_6.10e+00_7.32e-04_21.2__425			0.031361		0.968333		0.961667
0.28_0.34_6.10e+00_7.32e-04_11.1__228			0.061906		0.855000		0.848333
0.28_0.34_6.10e+00_7.32e-04_0.0__6			0.254621		0.470000		0.488333
0.28_0.34_6.10e+00_7.32e-04_13.1__269			0.045410		0.920000		0.916667
0.28_0.34_6.10e+00_7.32e-04_36.8__730			0.015224		0.980000		0.971667
0.28_0.34_6.10e+00_7.32e-04_1.0__21			0.143907		0.556667		0.550000
0.28_0.34_6.10e+00_7.32e-04_2.5__57			0.204704		0.385000		0.371667
0.28_0.34_6.10e+00_7.32e-04_0.0__8			0.199173		0.456667		0.425000
0.28_0.34_6.10e+00_7.32e-04_15.6__311			0.024015		0.950000		0.955000
0.28_0.34_6.10e+00_7.32e-04_21.2__429			0.028354		0.948333		0.946667
0.28_0.34_6.10e+00_7.32e-04_4.0__81			0.163277		0.428333		0.413333
0.28_0.34_6.10e+00_7.32e-04_17.6__354			0.034404		0.958333		0.953333
0.28_0.34_6.10e+00_7.32e-04_13.1__262			0.064013		0.888333		0.848333
0.28_0.34_6.10e+00_7.32e-04_2.5__55			0.171380		0.583333		0.590000
0.28_0.34_6.10e+00_7.32e-04_14.6__299			0.040072		0.950000		0.926667
0.28_0.34_6.10e+00_7.32e-04_5.0__108			0.200432		0.411667		0.385000
0.28_0.34_6.10e+00_7.32e-04_1.0__23			0.181273		0.590000		0.571667
0.28_0.34_6.10e+00_7.32e-04_17.1__340			0.018713		0.975000		0.970000
0.28_0.34_6.10e+00_7.32e-04_18.6__371			0.016284		0.971667		0.975000
0.28_0.34_6.10e+00_7.32e-04_4.5__96			0.168193		0.621667		0.621667
0.28_0.34_6.10e+00_7.32e-04_6.0__128			0.181870		0.478333		0.466667
0.28_0.34_6.10e+00_7.32e-04_9.6__199			0.087377		0.763333		0.748333
0.28_0.34_6.10e+00_7.32e-04_5.5__111			0.121265		0.645000		0.630000
0.28_0.34_6.10e+00_7.32e-04_2.5__53			0.194620		0.576667		0.558333
0.28_0.34_6.10e+00_7.32e-04_1.0__27			0.136329		0.593333		0.578333
0.28_0.34_6.10e+00_7.32e-04_9.6__191			0.062172		0.806667		0.796667
0.28_0.34_6.10e+00_7.32e-04_2.0__44			0.197520		0.471667		0.453333
0.28_0.34_6.10e+00_7.32e-04_1.5__38			0.196312		0.491667		0.483333
0.28_0.34_6.10e+00_7.32e-04_21.7__437			0.018390		0.980000		0.971667
0.28_0.34_6.10e+00_7.32e-04_0.5__14			0.195996		0.578333		0.580000
0.28_0.34_6.10e+00_7.32e-04_10.1__201			0.063377		0.801667		0.791667
0.28_0.34_6.10e+00_7.32e-04_11.1__227			0.061606		0.866667		0.875000
0.28_0.34_6.10e+00_7.32e-04_30.2__609			0.028745		0.946667		0.945000
0.28_0.34_6.10e+00_7.32e-04_3.0__66			0.215103		0.358333		0.371667
0.28_0.34_6.10e+00_7.32e-04_30.2__603			0.013313		0.981667		0.975000
0.28_0.34_6.10e+00_7.32e-04_12.6__256			0.042180		0.928333		0.938333
0.28_0.34_6.10e+00_7.32e-04_9.1__181			0.061389		0.805000		0.795000
0.28_0.34_6.10e+00_7.32e-04_9.1__189			0.087084		0.758333		0.743333
0.28_0.34_6.10e+00_7.32e-04_15.1__300			0.022066		0.973333		0.966667
0.28_0.34_6.10e+00_7.32e-04_29.7__597			0.018331		0.970000		0.971667
0.28_0.34_6.10e+00_7.32e-04_9.6__190			0.073584		0.801667		0.798333
0.28_0.34_6.10e+00_7.32e-04_0.5__12			0.221249		0.461667		0.465000
0.28_0.34_6.10e+00_7.32e-04_13.1__263			0.028279		0.950000		0.946667
0.28_0.34_6.10e+00_7.32e-04_0.5__15			0.137784		0.560000		0.575000
0.28_0.34_6.10e+00_7.32e-04_32.2__644			0.021864		0.968333		0.970000
0.28_0.34_6.10e+00_7.32e-04_9.1__184			0.094875		0.820000		0.830000
0.28_0.34_6.10e+00_7.32e-04_0.5__17			0.146825		0.568333		0.545000
0.28_0.34_6.10e+00_7.32e-04_0.5__16			0.244441		0.623333		0.631667
0.28_0.34_6.10e+00_7.32e-04_33.2__664			0.021746		0.966667		0.968333
0.28_0.34_6.10e+00_7.32e-04_65.0__1292			0.023230		0.955000		0.973333
0.28_0.34_6.10e+00_7.32e-04_3.0__68			0.216336		0.405000		0.385000
0.28_0.34_6.10e+00_7.32e-04_12.6__257			0.048344		0.938333		0.936667
0.28_0.34_6.10e+00_7.32e-04_0.0__9			0.156556		0.588333		0.586667
0.28_0.34_6.10e+00_7.32e-04_11.1__220			0.049898		0.886667		0.853333
0.28_0.34_6.10e+00_7.32e-04_8.1__167			0.106507		0.720000		0.763333
0.28_0.34_6.10e+00_7.32e-04_5.5__110			0.156522		0.573333		0.613333
0.28_0.34_6.10e+00_7.32e-04_9.1__182			0.091170		0.791667		0.778333
0.28_0.34_6.10e+00_7.32e-04_3.0__64			0.196911		0.501667		0.491667
0.28_0.34_6.10e+00_7.32e-04_66.5__1321			0.014061		0.978333		0.978333
0.28_0.34_6.10e+00_7.32e-04_15.1__306			0.035735		0.951667		0.958333
0.28_0.34_6.10e+00_7.32e-04_6.5__130			0.122503		0.593333		0.635000
0.28_0.34_6.10e+00_7.32e-04_5.0__109			0.194249		0.466667		0.491667
0.28_0.34_6.10e+00_7.32e-04_18.1__365			0.044528		0.953333		0.936667
0.28_0.34_6.10e+00_7.32e-04_21.2__427			0.019161		0.981667		0.973333
0.28_0.34_6.10e+00_7.32e-04_16.1__328			0.023003		0.958333		0.953333
0.28_0.34_6.10e+00_7.32e-04_4.0__86			0.204195		0.370000		0.388333
0.28_0.34_6.10e+00_7.32e-04_22.2__449			0.025518		0.956667		0.953333
0.28_0.34_6.10e+00_7.32e-04_7.6__156			0.110728		0.683333		0.663333
0.28_0.34_6.10e+00_7.32e-04_19.6__399			0.032911		0.945000		0.946667
0.28_0.34_6.10e+00_7.32e-04_1.0__26			0.192968		0.595000		0.615000
0.28_0.34_6.10e+00_7.32e-04_24.2__489			0.030697		0.951667		0.951667
0.28_0.34_6.10e+00_7.32e-04_3.0__63			0.203579		0.405000		0.398333
0.28_0.34_6.10e+00_7.32e-04_2.0__48			0.198442		0.410000		0.381667
0.28_0.34_6.10e+00_7.32e-04_13.6__272			0.079298		0.863333		0.841667
0.28_0.34_6.10e+00_7.32e-04_14.1__288			0.027471		0.951667		0.935000
0.28_0.34_6.10e+00_7.32e-04_16.1__322			0.053079		0.930000		0.936667
0.28_0.34_6.10e+00_7.32e-04_7.6__157			0.116344		0.693333		0.736667
0.28_0.34_6.10e+00_7.32e-04_7.1__141			0.122613		0.608333		0.583333
0.28_0.34_6.10e+00_7.32e-04_36.3__726			0.021557		0.976667		0.966667
0.28_0.34_6.10e+00_7.32e-04_0.0__5			0.153031		0.535000		0.526667
0.28_0.34_6.10e+00_7.32e-04_10.1__206			0.072417		0.825000		0.866667
0.28_0.34_6.10e+00_7.32e-04_0.5__18			0.161513		0.595000		0.563333
0.28_0.34_6.10e+00_7.32e-04_4.0__80			0.246450		0.355000		0.390000
0.28_0.34_6.10e+00_7.32e-04_22.7__456			0.020338		0.971667		0.961667
0.28_0.34_6.10e+00_7.32e-04_12.6__253			0.031686		0.941667		0.928333
0.28_0.34_6.10e+00_7.32e-04_11.6__231			0.057085		0.850000		0.858333
