id			last val		val acc		test acc
0.09_0.24_2.00e-01_8.20e-06__600			0.083335		0.808333		0.766667
0.06_0.27_2.76e+00_2.47e-03__209			0.103249		0.856667		0.816667
0.11_0.21_1.53e+00_4.28e-04__2			0.051157		0.898333		0.903333
0.16_0.28_1.66e+00_1.28e-04__63			0.021994		0.950000		0.953333
0.20_0.27_9.14e-01_6.81e-04__6			0.024619		0.955000		0.951667
0.07_0.26_1.84e+00_5.99e-05__576			0.071127		0.853333		0.821667
0.20_0.28_1.77e+00_1.53e-04__566			0.017816		0.956667		0.968333
0.16_0.28_1.83e+00_3.01e-04__366			0.013476		0.960000		0.966667
0.20_0.34_5.60e-01_5.01e-05__217			0.064313		0.865000		0.836667
0.15_0.27_3.51e-01_1.87e-05__275			0.069728		0.868333		0.821667
0.19_0.31_3.88e-01_1.77e-05__553			0.063580		0.870000		0.840000
0.07_0.33_6.97e-01_1.54e-04__577			0.083400		0.848333		0.806667
0.13_0.34_4.33e+00_8.97e-04__129			0.045966		0.911667		0.916667
0.08_0.27_8.89e-01_3.41e-04__91			0.078752		0.851667		0.816667
0.16_0.21_1.22e-01_7.02e-06__568			0.083293		0.790000		0.755000
0.10_0.40_4.14e-01_1.10e-04__507			0.078145		0.850000		0.803333
0.06_0.31_2.54e+00_8.09e-05__270			0.074251		0.858333		0.828333
0.15_0.35_2.72e+00_2.72e-04__25			0.015636		0.960000		0.965000
0.06_0.35_2.42e+00_2.41e-03__458			0.112219		0.851667		0.810000
0.06_0.30_1.17e-01_4.66e-06__435			0.082782		0.781667		0.756667
0.12_0.37_1.68e-01_1.20e-05__190			0.075692		0.828333		0.786667
0.18_0.39_2.27e-01_1.87e-05__380			0.070500		0.851667		0.808333
0.18_0.30_6.32e-01_5.80e-05__561			0.063450		0.871667		0.835000
0.07_0.34_2.68e+00_1.23e-03__151			0.098809		0.843333		0.813333
0.05_0.40_1.17e+00_2.01e-04__421			0.086337		0.850000		0.816667
0.18_0.28_4.70e-01_1.07e-04__138			0.060363		0.875000		0.850000
0.15_0.38_1.83e+00_2.73e-04__8			0.017609		0.958333		0.960000
0.08_0.25_3.95e+00_1.75e-03__44			0.095476		0.841667		0.818333
0.06_0.32_1.24e+00_5.35e-04__99			0.100343		0.846667		0.806667
0.13_0.22_9.39e-01_4.85e-04__310			0.050465		0.925000		0.930000
0.18_0.25_2.42e+00_4.18e-04__182			0.014533		0.960000		0.963333
0.20_0.23_2.46e+00_3.21e-04__423			0.017143		0.950000		0.953333
0.05_0.32_3.11e+00_2.36e-04__508			0.073568		0.861667		0.833333
0.15_0.30_2.92e+00_1.49e-04__353			0.013263		0.951667		0.965000
0.06_0.24_1.34e-01_4.84e-05__365			0.082300		0.811667		0.765000
0.18_0.36_1.84e-01_4.09e-05__1			0.073462		0.848333		0.808333
0.07_0.35_2.76e-01_3.32e-05__322			0.075776		0.831667		0.788333
0.18_0.30_2.52e-01_5.92e-05__186			0.074289		0.855000		0.811667
0.10_0.22_1.62e+00_3.02e-04__253			0.048607		0.895000		0.893333
0.08_0.24_2.17e-01_7.08e-06__389			0.075003		0.801667		0.755000
0.16_0.32_1.51e-01_2.07e-05__520			0.074605		0.838333		0.790000
0.08_0.28_1.54e-01_3.39e-05__92			0.077805		0.808333		0.771667
0.13_0.28_1.39e-01_2.03e-05__149			0.077988		0.826667		0.785000
0.05_0.33_2.57e-01_1.21e-05__445			0.075506		0.813333		0.770000
0.07_0.24_3.11e+00_1.44e-03__400			0.105036		0.848333		0.813333
0.06_0.33_9.96e-01_5.93e-05__316			0.076432		0.856667		0.821667
0.20_0.24_3.76e-01_7.45e-05__174			0.062463		0.860000		0.835000
0.13_0.25_1.63e-01_1.07e-04__321			0.078874		0.825000		0.786667
0.15_0.37_5.06e-01_3.56e-05__79			0.070334		0.856667		0.816667
0.20_0.28_1.60e-01_1.43e-05__451			0.072512		0.843333		0.795000
0.11_0.32_2.16e-01_2.16e-04__540			0.086138		0.825000		0.783333
0.10_0.38_8.09e-01_3.02e-04__268			0.059700		0.886667		0.861667
0.18_0.20_4.16e+00_2.93e-04__554			0.021837		0.958333		0.955000
0.18_0.27_5.14e-01_2.19e-04__444			0.059600		0.873333		0.848333
0.12_0.31_3.06e+00_8.56e-04__31			0.042892		0.935000		0.945000
0.11_0.27_1.08e-01_6.78e-05__456			0.079144		0.805000		0.766667
0.12_0.21_3.20e-01_2.96e-04__574			0.079120		0.848333		0.803333
0.11_0.33_1.90e+00_1.01e-04__219			0.029570		0.916667		0.915000
0.13_0.21_4.81e-01_2.28e-05__243			0.071817		0.863333		0.840000
0.10_0.29_2.71e+00_9.29e-04__10			0.042428		0.941667		0.935000
0.19_0.29_1.23e+00_1.07e-04__103			0.020179		0.941667		0.955000
0.14_0.22_1.44e+00_1.07e-03__313			0.024614		0.956667		0.963333
0.11_0.34_1.31e-01_1.15e-05__332			0.077132		0.811667		0.773333
0.18_0.23_3.30e-01_7.04e-05__499			0.073269		0.856667		0.828333
0.08_0.34_4.90e-01_9.49e-05__495			0.077538		0.850000		0.806667
0.14_0.27_2.21e-01_3.63e-05__431			0.074473		0.856667		0.810000
0.12_0.27_6.23e-01_3.40e-05__494			0.073976		0.855000		0.828333
0.18_0.36_3.13e-01_1.57e-04__192			0.070181		0.855000		0.823333
0.15_0.21_3.83e-01_1.48e-05__396			0.066323		0.853333		0.803333
0.19_0.35_1.16e-01_4.99e-05__7			0.075778		0.821667		0.790000
0.18_0.36_1.74e-01_1.62e-05__374			0.072271		0.838333		0.793333
0.07_0.21_1.85e+00_5.93e-05__246			0.076951		0.860000		0.840000
0.19_0.38_3.24e-01_3.26e-05__164			0.070457		0.856667		0.815000
0.20_0.35_1.95e-01_2.11e-05__33			0.065982		0.846667		0.816667
0.05_0.36_7.57e-01_3.37e-04__539			0.095156		0.828333		0.785000
0.12_0.34_8.19e-01_1.88e-04__434			0.053748		0.876667		0.876667
0.14_0.32_2.97e-01_2.73e-04__225			0.086025		0.843333		0.806667
0.08_0.27_4.62e+00_2.49e-04__154			0.046768		0.891667		0.886667
0.13_0.26_3.22e-01_6.44e-05__457			0.074750		0.845000		0.810000
0.09_0.23_6.42e-01_4.69e-04__137			0.089194		0.838333		0.808333
0.20_0.22_4.29e+00_1.40e-03__397			0.022953		0.956667		0.940000
0.18_0.38_1.18e+00_3.68e-04__369			0.019380		0.965000		0.951667
0.16_0.34_4.33e+00_1.99e-03__11			0.028385		0.935000		0.938333
0.20_0.22_1.94e-01_1.30e-05__35			0.071335		0.845000		0.798333
0.19_0.28_7.57e-01_4.04e-05__347			0.065472		0.885000		0.861667
0.20_0.40_1.41e+00_2.84e-04__282			0.013157		0.960000		0.953333
0.18_0.35_6.79e-01_6.53e-04__594			0.036224		0.933333		0.926667
0.18_0.21_4.43e+00_1.46e-03__27			0.023696		0.960000		0.955000
0.19_0.26_2.33e-01_6.37e-05__245			0.076234		0.845000		0.818333
0.14_0.29_6.40e-01_1.04e-04__260			0.071651		0.865000		0.836667
0.18_0.23_1.98e+00_2.33e-04__262			0.019731		0.948333		0.945000
0.19_0.37_3.45e-01_1.10e-05__404			0.061107		0.866667		0.845000
0.15_0.38_1.50e-01_3.91e-05__440			0.076612		0.828333		0.788333
0.05_0.22_1.27e-01_4.74e-05__461			0.085359		0.806667		0.761667
0.15_0.34_4.33e-01_3.82e-05__532			0.070703		0.856667		0.820000
0.09_0.36_4.23e-01_3.53e-04__263			0.092961		0.838333		0.805000
0.13_0.34_3.13e-01_2.93e-04__16			0.087008		0.843333		0.808333
0.07_0.25_2.95e+00_2.79e-03__303			0.100407		0.845000		0.811667
0.17_0.37_2.75e+00_8.93e-05__350			0.011788		0.960000		0.965000
0.12_0.40_7.57e-01_2.49e-05__134			0.064694		0.866667		0.840000
0.12_0.30_1.89e+00_4.16e-04__162			0.055322		0.903333		0.891667
0.11_0.23_4.55e-01_4.98e-05__106			0.074689		0.853333		0.825000
0.07_0.39_1.36e+00_2.46e-04__59			0.073828		0.853333		0.815000
0.18_0.30_9.62e-01_1.58e-04__590			0.026340		0.946667		0.943333
0.10_0.36_1.84e-01_1.18e-04__497			0.081373		0.826667		0.785000
0.18_0.20_1.33e-01_7.73e-05__538			0.076804		0.835000		0.781667
0.13_0.36_1.52e+00_2.83e-04__184			0.019973		0.951667		0.956667
0.05_0.23_6.87e-01_3.63e-04__158			0.093614		0.823333		0.785000
0.05_0.25_1.02e-01_5.07e-06__42			0.083396		0.778333		0.751667
0.19_0.32_6.30e-01_1.53e-04__112			0.050286		0.893333		0.880000
0.09_0.36_4.57e-01_3.43e-05__393			0.074068		0.855000		0.816667
0.08_0.21_1.54e+00_6.50e-04__3			0.080131		0.858333		0.830000
0.08_0.23_7.78e-01_9.32e-05__159			0.076840		0.853333		0.815000
0.20_0.39_8.06e-01_1.04e-04__271			0.025117		0.943333		0.940000
0.10_0.40_2.35e-01_7.12e-05__277			0.076205		0.843333		0.793333
0.11_0.21_1.72e-01_6.59e-06__251			0.077125		0.795000		0.756667
0.09_0.37_2.87e-01_2.45e-04__367			0.090758		0.840000		0.788333
0.09_0.23_4.26e+00_2.22e-03__281			0.093668		0.843333		0.815000
0.13_0.34_5.56e-01_6.79e-05__439			0.074563		0.858333		0.816667
0.09_0.36_2.30e-01_9.91e-06__235			0.074941		0.833333		0.786667
0.06_0.32_5.10e-01_3.51e-05__93			0.073374		0.845000		0.798333
0.17_0.26_2.33e-01_1.87e-05__272			0.072388		0.846667		0.806667
0.07_0.26_3.25e+00_2.56e-04__296			0.065316		0.865000		0.843333
0.17_0.39_1.09e+00_6.18e-05__598			0.037988		0.926667		0.913333
0.07_0.25_2.12e+00_3.31e-04__473			0.072337		0.865000		0.836667
0.13_0.26_4.79e-01_2.62e-05__463			0.071604		0.853333		0.811667
0.15_0.23_2.51e+00_1.22e-04__549			0.028369		0.943333		0.945000
0.17_0.36_4.75e-01_1.69e-05__244			0.065538		0.861667		0.821667
0.09_0.31_3.67e-01_2.31e-04__304			0.083093		0.843333		0.793333
0.06_0.28_1.80e+00_4.13e-04__531			0.078690		0.873333		0.831667
0.20_0.28_2.44e+00_2.63e-04__230			0.013870		0.963333		0.963333
0.11_0.22_1.58e+00_4.41e-04__294			0.052434		0.891667		0.891667
0.12_0.30_1.55e+00_9.82e-04__301			0.042995		0.940000		0.936667
0.19_0.27_1.86e+00_1.10e-03__181			0.015438		0.958333		0.955000
0.08_0.23_1.20e+00_7.99e-04__28			0.075635		0.873333		0.858333
0.07_0.37_2.66e-01_1.77e-04__233			0.085416		0.825000		0.788333
0.17_0.28_2.32e-01_3.86e-05__12			0.073833		0.846667		0.821667
0.10_0.32_2.69e+00_1.35e-04__14			0.034893		0.901667		0.905000
0.20_0.29_1.04e-01_5.60e-05__560			0.077865		0.830000		0.783333
0.19_0.21_4.45e-01_2.32e-05__117			0.068831		0.865000		0.846667
0.17_0.37_9.92e-01_6.29e-05__169			0.044718		0.898333		0.880000
0.08_0.38_2.18e+00_1.00e-03__564			0.094241		0.846667		0.820000
0.10_0.29_1.33e-01_7.92e-06__266			0.079292		0.815000		0.771667
0.10_0.22_3.33e-01_1.18e-05__586			0.071196		0.841667		0.793333
0.10_0.32_3.74e+00_1.41e-03__352			0.091653		0.846667		0.818333
0.12_0.21_1.18e+00_1.39e-04__21			0.061767		0.870000		0.848333
0.15_0.30_8.48e-01_8.34e-05__592			0.052808		0.878333		0.856667
0.09_0.22_1.62e+00_2.54e-04__519			0.068820		0.865000		0.838333
0.15_0.28_1.14e-01_2.43e-05__526			0.079149		0.828333		0.780000
0.10_0.40_1.22e+00_1.72e-04__506			0.044972		0.911667		0.906667
0.15_0.23_6.08e-01_1.68e-04__363			0.074564		0.858333		0.830000
0.18_0.34_6.08e-01_9.83e-05__242			0.046983		0.890000		0.880000
0.06_0.28_1.99e+00_8.34e-05__202			0.075162		0.858333		0.833333
0.19_0.22_1.08e+00_5.47e-04__155			0.020282		0.955000		0.958333
0.20_0.40_1.67e-01_1.20e-04__144			0.079587		0.845000		0.803333
0.10_0.23_1.53e+00_1.07e-03__492			0.084183		0.898333		0.880000
0.16_0.38_2.68e-01_1.88e-05__166			0.070330		0.851667		0.806667
0.07_0.34_1.72e+00_1.69e-03__563			0.103021		0.845000		0.811667
0.12_0.39_9.25e-01_8.14e-04__360			0.037536		0.940000		0.938333
0.15_0.26_2.08e-01_7.50e-05__34			0.074514		0.848333		0.806667
0.19_0.31_1.44e+00_6.73e-04__522			0.023762		0.960000		0.951667
0.12_0.24_2.46e-01_5.38e-05__475			0.076328		0.846667		0.810000
0.17_0.22_2.28e+00_8.27e-05__13			0.028328		0.940000		0.938333
0.09_0.23_3.20e-01_1.88e-04__453			0.083106		0.835000		0.793333
0.14_0.40_2.23e+00_4.00e-04__341			0.029452		0.955000		0.958333
0.05_0.34_7.97e-01_7.01e-04__264			0.102708		0.831667		0.796667
0.05_0.21_8.72e-01_3.03e-05__214			0.073934		0.856667		0.801667
0.17_0.34_1.00e+00_6.70e-05__311			0.042826		0.900000		0.886667
0.14_0.31_2.50e-01_6.40e-05__489			0.074637		0.850000		0.810000
0.09_0.21_1.80e-01_4.36e-05__315			0.077565		0.811667		0.776667
0.20_0.35_1.66e-01_1.01e-05__551			0.069670		0.845000		0.791667
0.17_0.23_1.77e+00_7.67e-05__376			0.036059		0.918333		0.908333
0.10_0.25_1.79e+00_6.69e-04__359			0.040861		0.945000		0.955000
0.18_0.32_4.06e-01_4.65e-05__183			0.064073		0.863333		0.821667
0.17_0.34_3.97e+00_2.79e-04__68			0.013670		0.965000		0.955000
0.08_0.21_3.17e+00_1.87e-03__201			0.094233		0.848333		0.815000
0.18_0.21_1.01e-01_5.88e-06__195			0.074108		0.795000		0.758333
0.09_0.27_1.22e-01_5.99e-06__364			0.085325		0.790000		0.761667
0.11_0.25_1.17e-01_8.36e-05__160			0.079255		0.808333		0.768333
0.06_0.34_7.48e-01_3.51e-04__582			0.091575		0.845000		0.798333
0.19_0.34_3.98e-01_3.33e-04__105			0.055047		0.878333		0.851667
0.18_0.37_2.61e+00_4.49e-04__85			0.016787		0.970000		0.958333
0.08_0.21_9.07e-01_3.24e-04__66			0.086017		0.860000		0.833333
0.15_0.32_2.59e-01_9.77e-06__302			0.067020		0.853333		0.821667
0.14_0.33_1.49e+00_4.43e-04__250			0.025412		0.956667		0.950000
0.18_0.23_4.71e-01_1.14e-04__550			0.069289		0.858333		0.828333
0.06_0.26_3.76e-01_3.04e-05__581			0.077360		0.836667		0.790000
0.16_0.35_1.36e-01_1.07e-04__280			0.079876		0.828333		0.788333
0.19_0.22_2.63e+00_6.40e-04__292			0.015516		0.961667		0.960000
0.19_0.37_1.02e-01_2.02e-05__185			0.074528		0.821667		0.786667
0.19_0.25_1.33e-01_3.41e-05__150			0.076585		0.845000		0.796667
0.18_0.25_2.24e-01_4.31e-05__140			0.075690		0.845000		0.820000
0.10_0.33_3.14e+00_1.04e-03__15			0.059837		0.896667		0.876667
0.07_0.39_2.25e-01_1.89e-04__126			0.088246		0.825000		0.790000
0.08_0.36_2.20e-01_1.14e-04__484			0.081899		0.828333		0.786667
0.06_0.22_4.14e-01_1.04e-04__557			0.080588		0.831667		0.788333
0.12_0.25_5.56e-01_3.48e-05__372			0.072955		0.851667		0.825000
0.18_0.29_5.80e-01_1.89e-05__97			0.067526		0.873333		0.855000
0.10_0.26_1.74e+00_1.05e-04__90			0.062011		0.868333		0.846667
0.10_0.35_2.92e+00_4.28e-04__579			0.032119		0.945000		0.945000
0.09_0.26_4.14e+00_1.64e-03__156			0.099944		0.850000		0.818333
0.07_0.33_3.91e+00_1.50e-04__4			0.068012		0.876667		0.855000
0.09_0.35_1.95e-01_1.70e-04__390			0.085706		0.828333		0.788333
0.10_0.27_2.84e-01_7.70e-05__345			0.074843		0.840000		0.793333
0.08_0.37_2.50e+00_1.28e-03__111			0.081017		0.865000		0.845000
0.07_0.36_4.94e-01_1.84e-05__101			0.072723		0.841667		0.796667
0.12_0.20_2.32e+00_1.55e-04__547			0.039739		0.911667		0.910000
0.11_0.36_3.98e-01_3.86e-04__131			0.093782		0.841667		0.810000
0.10_0.27_2.28e+00_6.90e-04__54			0.045476		0.918333		0.926667
0.08_0.27_1.39e+00_1.14e-04__425			0.072439		0.858333		0.830000
0.12_0.22_2.45e+00_1.77e-04__468			0.026827		0.943333		0.941667
0.06_0.40_3.09e-01_3.01e-05__338			0.078804		0.830000		0.788333
0.05_0.37_7.84e-01_3.52e-05__599			0.075910		0.853333		0.811667
0.12_0.28_4.16e-01_2.46e-05__427			0.071878		0.848333		0.806667
0.08_0.34_6.32e-01_7.78e-05__349			0.077910		0.855000		0.821667
0.15_0.29_3.04e-01_1.79e-04__358			0.078941		0.845000		0.808333
0.18_0.22_2.84e-01_2.78e-04__314			0.082993		0.843333		0.815000
0.06_0.24_8.69e-01_8.48e-04__213			0.102406		0.833333		0.811667
0.17_0.33_3.19e-01_2.78e-04__584			0.087058		0.853333		0.811667
0.13_0.37_4.06e+00_2.90e-03__570			0.061737		0.891667		0.868333
0.17_0.26_2.48e+00_5.38e-04__399			0.011361		0.961667		0.963333
0.07_0.38_3.70e-01_4.68e-05__215			0.075917		0.853333		0.803333
0.10_0.30_1.00e+00_5.00e-04__0			0.053455		0.906667		0.895000
0.18_0.39_2.01e+00_3.49e-04__405			0.017034		0.973333		0.961667
0.13_0.34_2.10e-01_4.29e-05__588			0.073579		0.846667		0.803333
0.11_0.29_2.69e+00_1.25e-04__58			0.031372		0.935000		0.933333
0.15_0.36_1.64e-01_8.73e-06__74			0.073338		0.831667		0.790000
0.05_0.35_4.70e+00_1.58e-03__528			0.101198		0.855000		0.818333
0.07_0.21_5.26e-01_7.94e-05__318			0.078648		0.848333		0.806667
0.17_0.40_1.09e-01_4.11e-05__143			0.075905		0.820000		0.783333
0.18_0.35_1.43e-01_4.55e-06__189			0.073029		0.801667		0.758333
0.19_0.33_3.11e-01_1.72e-04__241			0.071259		0.855000		0.823333
0.05_0.31_4.14e-01_2.24e-04__168			0.088600		0.825000		0.785000
0.18_0.33_2.02e-01_4.51e-05__513			0.073757		0.853333		0.805000
0.18_0.35_1.02e-01_7.02e-05__419			0.077724		0.816667		0.778333
0.07_0.35_1.08e+00_4.21e-05__180			0.072641		0.856667		0.820000
0.17_0.37_2.61e-01_1.78e-04__86			0.082828		0.843333		0.806667
0.12_0.29_2.35e-01_2.12e-05__523			0.072621		0.846667		0.791667
0.14_0.33_5.85e-01_9.46e-05__516			0.068857		0.868333		0.831667
0.11_0.22_1.29e+00_1.22e-03__32			0.084999		0.890000		0.860000
0.10_0.32_1.33e+00_3.08e-04__569			0.052057		0.893333		0.893333
0.20_0.25_6.28e-01_9.18e-05__469			0.045528		0.888333		0.876667
0.16_0.32_1.66e-01_1.35e-05__491			0.072024		0.845000		0.788333
0.12_0.35_4.96e-01_1.47e-04__529			0.076815		0.855000		0.825000
0.08_0.33_3.94e-01_1.37e-04__409			0.083944		0.850000		0.793333
0.13_0.21_9.03e-01_7.21e-04__152			0.055880		0.911667		0.921667
0.14_0.22_1.16e+00_2.84e-04__375			0.040930		0.918333		0.916667
0.17_0.35_1.43e-01_1.76e-05__236			0.072636		0.835000		0.788333
0.05_0.24_1.28e-01_1.24e-05__167			0.082109		0.805000		0.753333
0.12_0.26_1.33e+00_1.28e-04__130			0.045296		0.891667		0.888333
0.15_0.32_2.69e-01_7.12e-05__203			0.074638		0.848333		0.816667
0.15_0.27_2.21e+00_8.65e-05__544			0.035397		0.931667		0.916667
0.18_0.39_2.95e-01_1.39e-04__470			0.073186		0.856667		0.823333
0.09_0.29_3.22e+00_3.37e-04__96			0.039562		0.916667		0.921667
0.13_0.20_3.19e+00_1.57e-03__220			0.037307		0.945000		0.930000
0.17_0.27_3.79e-01_1.32e-05__297			0.065343		0.871667		0.841667
0.07_0.22_9.65e-01_7.10e-04__290			0.097655		0.858333		0.821667
0.10_0.32_1.14e+00_4.65e-04__107			0.050832		0.928333		0.923333
0.10_0.33_1.49e+00_1.28e-03__22			0.080380		0.838333		0.815000
0.17_0.25_3.68e+00_4.29e-04__498			0.017596		0.953333		0.956667
0.08_0.25_2.61e-01_3.16e-05__381			0.076399		0.838333		0.783333
0.09_0.38_1.04e-01_7.16e-06__256			0.080183		0.801667		0.766667
0.17_0.36_1.84e-01_3.28e-05__383			0.073196		0.850000		0.805000
0.18_0.37_1.65e+00_3.89e-04__454			0.016324		0.961667		0.951667
0.08_0.38_5.71e-01_8.41e-05__426			0.076941		0.850000		0.806667
0.16_0.35_1.70e-01_5.95e-05__17			0.076459		0.845000		0.795000
0.12_0.38_4.18e-01_4.23e-05__120			0.074097		0.856667		0.815000
0.12_0.35_5.30e-01_3.77e-04__331			0.085713		0.860000		0.835000
0.12_0.34_2.52e+00_3.23e-04__420			0.024828		0.956667		0.946667
0.08_0.27_5.51e-01_4.40e-05__89			0.073827		0.848333		0.808333
0.07_0.22_2.48e+00_5.23e-04__450			0.066011		0.866667		0.850000
0.07_0.40_1.82e+00_3.62e-04__488			0.065486		0.883333		0.858333
0.06_0.25_2.24e+00_1.15e-04__113			0.075023		0.855000		0.828333
0.15_0.39_1.98e+00_2.01e-04__240			0.017703		0.956667		0.966667
0.07_0.28_4.81e+00_4.52e-03__348			0.090333		0.850000		0.815000
0.10_0.32_7.45e-01_6.86e-04__95			0.095719		0.833333		0.808333
0.05_0.31_1.72e-01_3.07e-05__247			0.080739		0.810000		0.766667
0.07_0.34_3.02e-01_6.50e-05__572			0.078471		0.826667		0.785000
0.18_0.28_1.45e+00_7.14e-05__593			0.030256		0.943333		0.941667
0.06_0.34_1.07e-01_1.05e-05__317			0.082483		0.805000		0.756667
0.15_0.26_3.63e+00_2.09e-03__370			0.038744		0.935000		0.935000
0.06_0.28_4.98e+00_6.75e-04__428			0.094513		0.848333		0.808333
0.12_0.30_2.22e-01_1.05e-05__60			0.070368		0.846667		0.795000
0.08_0.31_1.01e-01_5.30e-05__30			0.081415		0.810000		0.761667
0.18_0.39_3.49e-01_5.14e-05__157			0.073028		0.860000		0.821667
0.17_0.39_2.22e-01_5.87e-05__153			0.073886		0.853333		0.813333
0.09_0.33_1.86e+00_9.90e-05__259			0.060384		0.876667		0.856667
0.15_0.35_1.21e+00_1.32e-04__229			0.024153		0.941667		0.935000
0.10_0.38_1.92e+00_6.08e-05__571			0.046381		0.888333		0.858333
0.08_0.33_1.33e+00_1.54e-04__415			0.066107		0.870000		0.865000
0.12_0.27_7.48e-01_1.01e-04__50			0.051595		0.883333		0.858333
0.16_0.26_1.55e-01_1.46e-04__535			0.080183		0.828333		0.791667
0.15_0.25_5.60e-01_2.00e-04__88			0.070243		0.870000		0.840000
0.08_0.26_1.09e+00_2.92e-04__578			0.074290		0.865000		0.831667
0.16_0.36_1.68e-01_4.49e-05__65			0.074263		0.848333		0.803333
0.09_0.22_3.54e+00_1.82e-03__258			0.097154		0.843333		0.815000
0.19_0.28_1.72e-01_3.15e-05__305			0.075308		0.855000		0.808333
0.12_0.21_2.28e-01_1.29e-05__119			0.072281		0.831667		0.791667
0.19_0.34_2.32e-01_1.61e-05__289			0.067373		0.853333		0.816667
0.05_0.33_4.75e-01_3.15e-04__413			0.093275		0.835000		0.790000
0.06_0.37_1.35e-01_1.13e-04__408			0.086075		0.801667		0.770000
0.05_0.36_4.52e-01_2.52e-04__339			0.090133		0.823333		0.781667
0.05_0.20_5.14e-01_1.30e-04__146			0.082220		0.820000		0.781667
0.08_0.38_2.06e+00_2.34e-04__334			0.053040		0.883333		0.876667
0.08_0.21_1.17e+00_5.14e-04__172			0.064529		0.873333		0.868333
0.06_0.26_1.57e+00_5.64e-05__542			0.074889		0.855000		0.820000
0.06_0.30_2.20e+00_9.58e-04__308			0.101667		0.846667		0.820000
0.16_0.32_4.50e-01_4.47e-05__558			0.070519		0.860000		0.818333
0.08_0.25_7.66e-01_7.64e-04__368			0.092338		0.833333		0.811667
0.15_0.26_5.30e-01_5.10e-04__573			0.088793		0.853333		0.811667
0.08_0.23_1.44e+00_7.06e-05__378			0.069966		0.851667		0.818333
0.10_0.35_1.27e-01_1.13e-04__556			0.083918		0.811667		0.775000
0.15_0.25_2.02e+00_1.21e-03__70			0.028579		0.948333		0.941667
0.10_0.39_5.85e-01_1.52e-04__388			0.076460		0.851667		0.818333
0.05_0.27_1.04e-01_3.29e-05__477			0.086707		0.805000		0.761667
0.12_0.29_9.84e-01_4.54e-05__255			0.070600		0.858333		0.821667
0.19_0.32_1.08e-01_3.64e-05__234			0.074617		0.831667		0.785000
0.19_0.30_4.21e+00_1.57e-04__545			0.012951		0.953333		0.970000
0.14_0.25_2.52e-01_1.85e-04__398			0.077340		0.850000		0.800000
0.20_0.30_8.58e-01_8.52e-04__356			0.020156		0.961667		0.956667
0.15_0.21_9.84e-01_5.62e-04__177			0.041199		0.938333		0.923333
0.08_0.20_4.28e-01_2.25e-05__237			0.072949		0.851667		0.795000
0.05_0.22_2.55e-01_1.67e-04__75			0.085369		0.805000		0.776667
0.09_0.27_1.44e-01_5.84e-06__476			0.081474		0.798333		0.760000
0.16_0.31_2.55e-01_2.29e-04__436			0.083781		0.841667		0.803333
0.10_0.36_1.31e-01_7.08e-06__57			0.078896		0.811667		0.776667
0.13_0.34_2.79e+00_8.94e-04__357			0.049429		0.933333		0.938333
0.07_0.37_2.01e-01_9.75e-06__104			0.075813		0.811667		0.775000
0.13_0.31_1.74e-01_4.62e-05__210			0.075953		0.833333		0.786667
0.16_0.38_6.84e-01_3.88e-05__108			0.063290		0.866667		0.836667
0.18_0.22_1.26e+00_6.76e-04__373			0.020413		0.966667		0.955000
0.19_0.23_1.13e+00_1.15e-04__72			0.021751		0.940000		0.938333
0.07_0.26_2.46e-01_2.40e-05__307			0.077048		0.826667		0.785000
0.19_0.37_8.52e-01_1.17e-04__299			0.025304		0.946667		0.941667
0.14_0.28_1.19e+00_8.98e-04__173			0.042212		0.938333		0.926667
0.08_0.37_1.46e-01_5.33e-06__504			0.078619		0.810000		0.768333
0.14_0.37_1.85e-01_1.89e-05__328			0.072002		0.845000		0.791667
0.12_0.21_2.28e+00_2.64e-04__481			0.033840		0.938333		0.936667
0.11_0.27_3.45e+00_2.74e-04__115			0.030034		0.931667		0.926667
0.11_0.30_2.29e+00_1.86e-04__500			0.035097		0.935000		0.920000
0.06_0.36_5.67e-01_3.05e-05__163			0.073645		0.846667		0.806667
0.06_0.27_2.38e-01_2.05e-05__286			0.077897		0.808333		0.763333
0.07_0.33_1.72e+00_9.34e-05__351			0.073018		0.860000		0.833333
0.07_0.24_3.08e-01_7.35e-05__46			0.076582		0.826667		0.786667
0.17_0.28_3.94e-01_1.84e-04__543			0.075260		0.853333		0.821667
0.06_0.31_3.06e+00_2.75e-03__575			0.103275		0.848333		0.805000
0.11_0.24_3.71e+00_2.36e-04__509			0.022601		0.940000		0.933333
0.07_0.22_1.76e+00_6.17e-05__379			0.073283		0.860000		0.840000
0.19_0.34_3.91e+00_4.66e-04__346			0.021459		0.963333		0.946667
0.06_0.22_1.02e-01_1.03e-05__333			0.087571		0.791667		0.755000
0.14_0.39_3.30e-01_7.44e-05__585			0.074846		0.850000		0.818333
0.12_0.26_4.53e+00_4.30e-03__274			0.037833		0.923333		0.908333
0.07_0.34_4.03e+00_3.05e-04__208			0.055151		0.878333		0.863333
0.19_0.37_2.91e+00_1.14e-03__36			0.027634		0.945000		0.941667
0.08_0.39_3.19e+00_1.06e-04__232			0.052987		0.886667		0.875000
0.08_0.22_1.41e-01_2.32e-05__515			0.078662		0.810000		0.768333
0.18_0.27_1.76e-01_4.37e-05__261			0.075224		0.855000		0.806667
0.18_0.34_2.25e-01_3.43e-05__300			0.072379		0.848333		0.808333
0.11_0.25_2.82e+00_1.33e-03__382			0.070113		0.900000		0.886667
0.15_0.35_3.22e+00_5.05e-04__291			0.028927		0.950000		0.948333
0.09_0.26_1.94e+00_7.06e-04__228			0.060210		0.866667		0.858333
0.16_0.39_5.08e-01_1.24e-04__344			0.050852		0.880000		0.855000
0.12_0.37_2.58e-01_2.58e-05__524			0.072573		0.846667		0.805000
0.07_0.29_1.22e-01_6.48e-06__20			0.083536		0.795000		0.758333
0.07_0.21_1.04e+00_6.96e-04__84			0.102074		0.851667		0.818333
0.17_0.26_1.47e-01_5.24e-05__198			0.075088		0.836667		0.785000
0.13_0.33_1.36e+00_2.08e-04__416			0.028021		0.943333		0.936667
0.08_0.29_2.26e+00_1.82e-04__197			0.057942		0.873333		0.855000
0.19_0.21_1.05e-01_4.88e-05__133			0.078236		0.823333		0.775000
0.10_0.24_6.89e-01_1.01e-04__438			0.076264		0.851667		0.820000
0.20_0.40_6.45e-01_4.49e-05__562			0.059202		0.871667		0.848333
0.07_0.34_2.02e+00_1.68e-04__362			0.070666		0.866667		0.838333
0.19_0.33_3.94e+00_1.02e-03__227			0.020560		0.955000		0.956667
0.16_0.25_1.60e+00_8.07e-05__518			0.041895		0.923333		0.920000
0.10_0.38_2.69e-01_2.06e-05__447			0.074482		0.845000		0.798333
0.16_0.39_1.36e+00_4.43e-04__467			0.014186		0.965000		0.955000
0.07_0.26_1.59e+00_1.28e-03__53			0.100423		0.840000		0.811667
0.09_0.30_2.49e-01_6.14e-05__394			0.078332		0.846667		0.800000
0.14_0.27_1.55e+00_3.71e-04__135			0.018682		0.951667		0.960000
0.14_0.36_1.12e-01_3.55e-06__442			0.074377		0.796667		0.756667
0.18_0.40_1.68e+00_2.73e-04__122			0.014220		0.955000		0.961667
0.18_0.37_6.89e-01_2.66e-04__288			0.033356		0.941667		0.945000
0.14_0.33_5.12e-01_3.59e-05__18			0.069692		0.858333		0.818333
0.06_0.21_2.32e-01_1.14e-05__196			0.082648		0.806667		0.763333
0.06_0.38_4.45e+00_1.20e-03__430			0.099887		0.846667		0.815000
0.19_0.30_3.17e+00_3.38e-04__176			0.012631		0.965000		0.961667
0.16_0.34_6.95e-01_7.71e-05__5			0.058799		0.875000		0.846667
0.15_0.30_2.02e-01_8.52e-06__371			0.074905		0.843333		0.791667
0.11_0.32_1.90e+00_1.33e-04__265			0.025051		0.936667		0.946667
0.15_0.26_2.65e+00_6.54e-04__329			0.015549		0.960000		0.955000
0.14_0.32_3.60e-01_7.26e-05__249			0.075434		0.858333		0.818333
0.08_0.36_5.83e-01_1.97e-05__224			0.070874		0.850000		0.801667
0.14_0.29_5.16e-01_3.83e-04__377			0.088166		0.850000		0.801667
0.10_0.27_6.58e-01_6.44e-05__283			0.073499		0.858333		0.823333
0.12_0.38_3.66e+00_6.16e-04__223			0.024480		0.946667		0.950000
0.08_0.29_2.40e-01_3.69e-05__306			0.075876		0.830000		0.783333
0.14_0.25_1.09e-01_3.97e-06__486			0.071428		0.790000		0.761667
0.18_0.22_1.70e-01_6.91e-06__401			0.073926		0.803333		0.773333
0.12_0.38_2.92e-01_2.58e-05__40			0.072559		0.850000		0.810000
0.13_0.31_2.10e-01_4.50e-05__386			0.074242		0.848333		0.798333
0.10_0.39_4.77e-01_2.19e-05__392			0.070954		0.855000		0.806667
0.06_0.21_7.69e-01_4.11e-05__597			0.075681		0.848333		0.800000
0.19_0.22_2.04e-01_4.55e-05__466			0.076268		0.853333		0.818333
0.09_0.29_1.15e-01_9.61e-05__503			0.081718		0.805000		0.773333
0.09_0.39_4.85e-01_3.43e-05__512			0.073158		0.853333		0.813333
0.08_0.38_2.86e+00_1.61e-04__37			0.054801		0.886667		0.878333
0.18_0.32_1.16e+00_4.58e-05__109			0.052884		0.908333		0.891667
0.07_0.33_1.78e+00_6.19e-04__100			0.098026		0.845000		0.815000
0.06_0.25_2.20e+00_1.05e-04__114			0.076604		0.858333		0.835000
0.12_0.22_7.75e-01_2.21e-04__525			0.077737		0.861667		0.830000
0.12_0.22_4.55e+00_4.50e-03__29			0.053747		0.895000		0.873333
0.15_0.22_4.05e-01_2.63e-04__38			0.081416		0.855000		0.815000
0.07_0.30_4.70e-01_1.78e-04__48			0.085306		0.848333		0.796667
0.18_0.38_8.82e-01_1.41e-04__175			0.034376		0.938333		0.926667
0.07_0.33_1.69e-01_1.26e-05__559			0.077716		0.811667		0.768333
0.18_0.21_4.26e-01_3.99e-04__102			0.073316		0.858333		0.825000
0.16_0.35_2.89e+00_2.05e-04__87			0.016498		0.965000		0.955000
0.05_0.28_2.37e-01_4.69e-05__326			0.078635		0.813333		0.768333
0.16_0.37_3.16e+00_1.24e-04__71			0.018301		0.963333		0.963333
0.13_0.32_3.58e+00_2.88e-04__354			0.022028		0.960000		0.951667
0.12_0.38_2.22e+00_2.13e-03__406			0.052220		0.898333		0.880000
0.05_0.38_2.80e+00_2.21e-03__187			0.114653		0.843333		0.803333
0.16_0.36_9.58e-01_9.03e-04__248			0.036329		0.953333		0.950000
0.07_0.38_1.56e+00_8.83e-05__147			0.071806		0.866667		0.846667
0.18_0.25_2.29e+00_6.54e-04__505			0.016186		0.963333		0.956667
0.08_0.37_2.98e-01_2.48e-05__448			0.074178		0.845000		0.803333
0.16_0.39_3.41e+00_2.04e-04__278			0.016191		0.960000		0.955000
0.13_0.34_2.00e+00_1.17e-03__330			0.039674		0.940000		0.933333
0.14_0.32_3.58e-01_8.36e-05__474			0.075860		0.863333		0.825000
0.08_0.32_1.76e-01_2.46e-05__231			0.076482		0.813333		0.768333
0.20_0.25_3.10e+00_4.88e-04__145			0.014566		0.971667		0.961667
0.07_0.32_9.36e-01_1.82e-04__455			0.080047		0.848333		0.811667
0.08_0.34_2.11e-01_8.22e-06__533			0.077352		0.810000		0.776667
0.16_0.25_2.06e-01_2.02e-05__191			0.073973		0.843333		0.801667
0.09_0.37_2.17e+00_1.30e-04__61			0.049872		0.911667		0.896667
0.20_0.29_1.27e+00_1.34e-04__465			0.021404		0.950000		0.951667
0.18_0.22_1.15e-01_3.23e-05__170			0.078414		0.833333		0.788333
0.13_0.23_2.00e+00_5.80e-04__407			0.023166		0.941667		0.946667
0.09_0.24_8.03e-01_4.49e-05__211			0.073881		0.855000		0.816667
0.08_0.37_1.89e+00_1.82e-04__552			0.061943		0.875000		0.853333
0.12_0.29_3.57e+00_2.49e-03__55			0.070504		0.885000		0.861667
0.15_0.28_4.11e-01_2.82e-05__527			0.072912		0.845000		0.826667
0.16_0.36_3.13e-01_2.31e-04__596			0.086416		0.851667		0.815000
0.17_0.30_3.13e-01_1.44e-05__287			0.067904		0.851667		0.806667
0.16_0.35_1.76e-01_1.87e-05__319			0.071608		0.835000		0.801667
0.14_0.30_1.21e-01_4.84e-06__501			0.080380		0.798333		0.755000
0.16_0.21_2.50e-01_7.33e-05__412			0.076300		0.846667		0.810000
0.10_0.26_3.01e+00_1.55e-03__127			0.095698		0.846667		0.818333
0.20_0.30_2.53e-01_8.90e-06__483			0.067467		0.850000		0.815000
0.18_0.38_4.96e-01_2.74e-05__309			0.070507		0.858333		0.815000
0.13_0.32_1.81e+00_1.54e-03__391			0.067461		0.901667		0.878333
0.17_0.24_2.27e+00_4.62e-04__273			0.012186		0.965000		0.955000
0.11_0.32_1.15e+00_1.11e-03__580			0.039846		0.933333		0.923333
0.10_0.39_3.01e-01_2.39e-05__449			0.073049		0.846667		0.803333
0.12_0.22_1.47e-01_2.05e-05__56			0.078285		0.821667		0.780000
0.05_0.40_4.06e+00_1.04e-03__395			0.105319		0.850000		0.805000
0.19_0.32_1.59e-01_1.07e-05__212			0.071825		0.840000		0.796667
0.13_0.27_5.00e+00_1.91e-04__81			0.012649		0.955000		0.955000
0.18_0.39_2.63e+00_1.45e-04__218			0.010332		0.963333		0.965000
0.15_0.26_2.39e-01_9.84e-06__437			0.069710		0.853333		0.808333
0.18_0.29_6.15e-01_4.70e-04__139			0.040344		0.933333		0.940000
0.11_0.37_1.09e-01_5.38e-05__402			0.078921		0.806667		0.770000
0.07_0.37_4.50e+00_6.83e-04__26			0.094706		0.835000		0.801667
0.07_0.31_1.27e+00_1.09e-04__67			0.076027		0.865000		0.838333
0.11_0.28_1.88e+00_2.72e-04__340			0.027522		0.935000		0.935000
0.17_0.38_7.45e-01_2.53e-05__443			0.056294		0.880000		0.866667
0.13_0.21_4.21e+00_3.02e-04__514			0.015663		0.950000		0.963333
0.13_0.38_1.34e+00_1.55e-04__83			0.027423		0.940000		0.945000
0.09_0.38_4.79e+00_1.89e-03__403			0.071958		0.871667		0.853333
0.16_0.34_2.62e-01_2.73e-05__502			0.068826		0.846667		0.810000
0.05_0.28_2.33e+00_8.09e-05__206			0.077977		0.856667		0.826667
0.15_0.36_7.25e-01_2.86e-04__325			0.042096		0.926667		0.925000
0.09_0.28_6.47e-01_1.27e-04__496			0.079010		0.855000		0.825000
0.18_0.35_1.16e+00_5.26e-04__148			0.022815		0.953333		0.955000
0.08_0.29_1.08e+00_5.42e-05__298			0.070370		0.856667		0.818333
0.09_0.34_1.57e-01_2.71e-05__422			0.075842		0.815000		0.770000
0.08_0.22_6.63e-01_1.37e-04__47			0.077558		0.848333		0.801667
0.10_0.21_1.89e+00_1.55e-04__124			0.070636		0.880000		0.850000
0.11_0.23_6.25e-01_5.63e-05__194			0.073960		0.856667		0.830000
0.08_0.21_2.89e+00_1.99e-04__188			0.069659		0.865000		0.843333
0.12_0.27_4.18e-01_2.83e-05__80			0.069998		0.850000		0.798333
0.15_0.23_1.25e+00_7.14e-04__64			0.035467		0.940000		0.950000
0.18_0.40_2.19e-01_5.19e-05__541			0.073945		0.851667		0.818333
0.16_0.37_1.79e-01_3.56e-05__555			0.073556		0.850000		0.806667
0.09_0.39_4.61e-01_1.83e-04__320			0.081942		0.838333		0.805000
0.17_0.26_1.38e-01_1.10e-05__94			0.074527		0.836667		0.788333
0.10_0.38_1.26e-01_1.57e-05__432			0.076919		0.815000		0.775000
0.09_0.31_2.39e+00_6.46e-04__521			0.050431		0.921667		0.918333
0.12_0.31_3.42e+00_2.27e-04__78			0.023633		0.956667		0.955000
0.15_0.30_1.50e-01_7.20e-06__312			0.074144		0.830000		0.790000
0.07_0.39_1.44e+00_6.09e-04__165			0.062232		0.880000		0.868333
0.13_0.38_1.43e-01_5.72e-05__161			0.076830		0.818333		0.788333
0.05_0.28_3.37e-01_2.87e-04__62			0.089703		0.826667		0.785000
0.13_0.22_4.05e+00_2.12e-03__324			0.028165		0.940000		0.926667
0.12_0.31_3.22e+00_2.10e-03__462			0.065877		0.891667		0.868333
0.10_0.38_2.83e-01_5.01e-05__39			0.075489		0.855000		0.803333
0.20_0.38_2.58e-01_2.49e-04__239			0.085263		0.858333		0.818333
0.10_0.27_1.29e+00_7.05e-04__589			0.044591		0.925000		0.935000
0.12_0.32_6.37e-01_4.70e-05__429			0.070179		0.858333		0.823333
0.09_0.31_8.16e-01_5.77e-04__49			0.093460		0.846667		0.818333
0.20_0.31_1.49e+00_8.63e-04__490			0.016689		0.953333		0.945000
0.05_0.34_1.33e+00_6.81e-04__478			0.102470		0.860000		0.826667
0.16_0.36_1.22e+00_1.11e-03__116			0.073832		0.895000		0.866667
0.18_0.38_1.25e-01_4.49e-06__279			0.072225		0.820000		0.786667
0.18_0.29_3.31e+00_3.02e-04__226			0.021333		0.956667		0.960000
0.10_0.25_8.42e-01_7.33e-04__414			0.089149		0.853333		0.811667
0.16_0.20_5.96e-01_1.41e-04__267			0.073312		0.860000		0.833333
0.07_0.37_2.61e+00_4.04e-04__136			0.088564		0.856667		0.823333
0.06_0.23_1.49e+00_6.01e-05__123			0.072467		0.851667		0.818333
0.17_0.38_1.16e-01_3.89e-05__43			0.075251		0.823333		0.783333
0.16_0.25_7.28e-01_6.00e-05__335			0.067843		0.858333		0.835000
0.15_0.34_1.05e-01_1.60e-05__125			0.077663		0.825000		0.780000
0.20_0.39_1.17e+00_1.12e-04__479			0.021617		0.943333		0.941667
0.14_0.25_2.41e+00_1.64e-03__493			0.040110		0.940000		0.938333
0.15_0.30_7.69e-01_1.38e-04__284			0.051782		0.893333		0.885000
0.07_0.28_4.00e+00_8.21e-04__583			0.094991		0.836667		0.808333
0.10_0.23_3.82e+00_2.73e-03__285			0.098953		0.841667		0.821667
0.20_0.31_1.78e-01_1.48e-04__132			0.078934		0.841667		0.800000
0.12_0.28_2.86e-01_1.05e-05__24			0.068600		0.848333		0.806667
0.16_0.37_3.22e+00_1.74e-04__205			0.014793		0.961667		0.966667
0.09_0.25_2.88e+00_1.78e-04__446			0.061330		0.873333		0.855000
0.06_0.25_3.97e-01_2.94e-05__418			0.075260		0.840000		0.786667
0.11_0.28_1.23e-01_8.27e-06__433			0.080102		0.815000		0.773333
0.16_0.30_1.03e+00_2.21e-04__269			0.024533		0.946667		0.945000
0.17_0.39_1.50e+00_2.59e-04__276			0.014663		0.963333		0.963333
0.13_0.26_3.09e-01_1.65e-05__171			0.070302		0.850000		0.795000
0.19_0.26_1.66e+00_3.55e-04__323			0.012294		0.968333		0.965000
0.17_0.28_8.58e-01_3.94e-04__471			0.032122		0.945000		0.938333
0.06_0.20_2.79e+00_1.20e-04__41			0.071921		0.858333		0.815000
0.16_0.28_1.46e+00_3.45e-04__459			0.020114		0.955000		0.956667
0.17_0.40_7.14e-01_1.64e-04__199			0.037245		0.920000		0.913333
0.08_0.34_1.86e-01_9.93e-06__23			0.078812		0.811667		0.771667
0.14_0.23_3.08e+00_2.03e-03__52			0.041110		0.930000		0.926667
0.09_0.24_1.76e-01_1.04e-04__254			0.080224		0.813333		0.768333
0.11_0.40_1.43e+00_5.08e-04__216			0.042890		0.945000		0.948333
0.13_0.34_4.55e-01_7.51e-05__221			0.074994		0.856667		0.820000
0.15_0.31_3.76e-01_1.82e-05__142			0.068097		0.858333		0.813333
0.08_0.39_2.27e+00_1.76e-04__73			0.057023		0.880000		0.868333
0.19_0.23_1.03e+00_1.13e-04__417			0.036471		0.926667		0.918333
0.15_0.33_1.54e-01_7.42e-06__69			0.076646		0.828333		0.796667
0.18_0.39_4.79e+00_7.15e-04__510			0.023433		0.953333		0.950000
0.05_0.34_1.22e+00_3.42e-04__517			0.094042		0.836667		0.806667
0.06_0.35_2.19e-01_6.53e-05__207			0.079930		0.808333		0.771667
0.13_0.37_9.88e-01_8.82e-05__252			0.049205		0.890000		0.873333
0.11_0.26_3.30e-01_8.91e-05__45			0.074045		0.848333		0.810000
0.12_0.24_8.25e-01_2.72e-04__385			0.064107		0.881667		0.858333
0.18_0.38_1.78e+00_1.92e-04__487			0.023534		0.948333		0.965000
0.16_0.22_2.83e-01_1.39e-04__238			0.078048		0.851667		0.811667
0.10_0.34_2.21e-01_2.27e-05__411			0.073580		0.838333		0.786667
0.08_0.22_7.00e-01_2.41e-04__178			0.086300		0.865000		0.836667
0.05_0.28_1.68e+00_1.41e-03__591			0.117010		0.856667		0.818333
0.06_0.31_3.91e-01_1.35e-05__141			0.074223		0.835000		0.790000
0.15_0.36_5.32e-01_1.01e-04__595			0.070792		0.866667		0.831667
0.06_0.37_1.98e+00_3.55e-04__361			0.075406		0.876667		0.846667
0.18_0.32_1.01e+00_3.88e-04__441			0.018675		0.961667		0.961667
0.14_0.40_3.14e+00_1.36e-04__77			0.016415		0.963333		0.961667
0.05_0.28_1.68e+00_1.66e-04__204			0.085810		0.855000		0.825000
0.18_0.34_7.84e-01_7.35e-04__537			0.028905		0.943333		0.941667
0.10_0.34_4.39e+00_3.09e-03__534			0.059469		0.885000		0.873333
0.08_0.26_6.84e-01_2.26e-04__587			0.083599		0.850000		0.810000
0.15_0.39_1.92e-01_2.95e-05__222			0.073882		0.850000		0.805000
0.15_0.38_1.52e-01_6.54e-05__536			0.076854		0.836667		0.790000
0.14_0.27_9.69e-01_6.23e-04__548			0.038174		0.945000		0.953333
0.18_0.32_3.45e-01_5.99e-05__464			0.073423		0.861667		0.818333
0.08_0.27_1.02e-01_8.01e-06__343			0.081028		0.803333		0.751667
0.12_0.39_2.57e+00_3.80e-04__200			0.021385		0.960000		0.953333
0.15_0.27_3.24e+00_1.82e-03__480			0.026403		0.948333		0.955000
0.11_0.27_3.34e+00_2.74e-03__387			0.056904		0.911667		0.906667
0.16_0.36_4.46e+00_3.15e-04__51			0.021300		0.958333		0.946667
0.15_0.20_2.21e+00_4.64e-04__485			0.016134		0.960000		0.965000
0.05_0.32_1.60e+00_1.94e-04__336			0.088152		0.850000		0.803333
0.06_0.32_4.18e+00_5.00e-04__460			0.094710		0.848333		0.816667
0.16_0.26_2.25e-01_1.23e-05__424			0.069789		0.848333		0.793333
0.18_0.27_2.29e+00_1.67e-03__355			0.026513		0.951667		0.961667
0.06_0.25_2.15e-01_1.03e-04__567			0.081825		0.801667		0.766667
0.16_0.21_1.76e+00_3.18e-04__98			0.020735		0.946667		0.946667
0.12_0.27_1.03e-01_2.95e-05__530			0.078682		0.811667		0.771667
0.05_0.28_8.82e-01_2.98e-04__410			0.094265		0.838333		0.793333
0.14_0.30_1.09e+00_1.30e-04__110			0.036699		0.920000		0.915000
0.07_0.38_2.15e-01_1.76e-05__337			0.076497		0.815000		0.771667
0.15_0.21_2.13e-01_2.11e-04__295			0.078056		0.840000		0.791667
0.11_0.31_3.35e+00_2.42e-03__82			0.067781		0.886667		0.865000
0.19_0.38_4.81e+00_6.96e-04__327			0.024245		0.960000		0.956667
0.11_0.35_3.17e-01_1.56e-04__128			0.080886		0.846667		0.796667
0.12_0.23_1.45e-01_7.89e-06__118			0.079108		0.801667		0.751667
0.11_0.32_9.21e-01_9.57e-05__511			0.069209		0.868333		0.845000
0.17_0.35_1.34e+00_5.59e-05__482			0.038355		0.921667		0.905000
0.14_0.29_2.15e-01_3.01e-05__9			0.074608		0.853333		0.810000
0.07_0.26_1.00e-01_5.18e-06__121			0.079533		0.785000		0.760000
0.09_0.24_3.79e-01_1.22e-05__257			0.069097		0.848333		0.798333
0.15_0.25_8.19e-01_6.17e-04__76			0.038692		0.936667		0.936667
0.16_0.33_2.69e-01_8.82e-06__565			0.066166		0.853333		0.818333
0.17_0.20_2.84e+00_1.18e-04__342			0.034210		0.930000		0.936667
0.16_0.27_3.50e-01_6.92e-05__179			0.074271		0.850000		0.823333
0.09_0.22_1.86e+00_2.21e-04__452			0.072918		0.871667		0.845000
0.20_0.40_2.64e-01_1.01e-05__193			0.063901		0.866667		0.833333
0.13_0.29_8.89e-01_3.66e-05__19			0.063765		0.873333		0.855000
0.14_0.35_1.86e-01_1.40e-04__546			0.080747		0.841667		0.793333
0.13_0.22_1.22e+00_9.59e-05__293			0.067333		0.861667		0.840000
0.14_0.36_1.99e-01_1.13e-04__472			0.078000		0.841667		0.793333
0.12_0.38_1.31e-01_8.39e-06__384			0.075967		0.816667		0.781667
