id			last val		val acc		test acc
0.28_0.34_6.10e+00_7.32e-04_30.0__591			0.014143		0.973333		0.970000
0.28_0.34_6.10e+00_7.32e-04_28.5__561			0.014292		0.973333		0.975000
0.28_0.34_6.10e+00_7.32e-04_29.0__570			0.016651		0.976667		0.975000
0.28_0.34_6.10e+00_7.32e-04_28.0__559			0.025927		0.956667		0.960000
0.28_0.34_6.10e+00_7.32e-04_29.5__580			0.015312		0.983333		0.970000
0.28_0.34_6.10e+00_7.32e-04_28.5__567			0.022825		0.981667		0.981667
0.28_0.34_6.10e+00_7.32e-04_30.0__598			0.017513		0.970000		0.973333
0.28_0.34_6.10e+00_7.32e-04_29.0__573			0.016340		0.976667		0.968333
0.28_0.34_6.10e+00_7.32e-04_26.9__530			0.016690		0.980000		0.973333
0.28_0.34_6.10e+00_7.32e-04_29.5__589			0.026572		0.956667		0.956667
0.28_0.34_6.10e+00_7.32e-04_27.5__541			0.013976		0.970000		0.973333
0.28_0.34_6.10e+00_7.32e-04_29.0__575			0.031814		0.951667		0.955000
0.28_0.34_6.10e+00_7.32e-04_26.9__536			0.022411		0.963333		0.963333
0.28_0.34_6.10e+00_7.32e-04_29.5__584			0.019129		0.973333		0.983333
0.28_0.34_6.10e+00_7.32e-04_28.5__566			0.022651		0.966667		0.968333
0.28_0.34_6.10e+00_7.32e-04_28.0__551			0.013796		0.971667		0.975000
0.28_0.34_6.10e+00_7.32e-04_30.0__595			0.031339		0.958333		0.953333
0.28_0.34_6.10e+00_7.32e-04_28.5__560			0.017384		0.976667		0.970000
0.28_0.34_6.10e+00_7.32e-04_26.9__531			0.015398		0.973333		0.971667
0.28_0.34_6.10e+00_7.32e-04_29.5__581			0.014095		0.970000		0.971667
0.28_0.34_6.10e+00_7.32e-04_30.0__590			0.015914		0.978333		0.975000
0.28_0.34_6.10e+00_7.32e-04_29.5__582			0.025472		0.966667		0.980000
0.28_0.34_6.10e+00_7.32e-04_26.9__534			0.019720		0.978333		0.981667
0.28_0.34_6.10e+00_7.32e-04_29.0__579			0.026601		0.956667		0.956667
0.28_0.34_6.10e+00_7.32e-04_25.4__500			0.015921		0.983333		0.971667
0.28_0.34_6.10e+00_7.32e-04_29.5__586			0.023445		0.966667		0.966667
0.28_0.34_6.10e+00_7.32e-04_24.9__490			0.017121		0.985000		0.970000
0.28_0.34_6.10e+00_7.32e-04_26.4__523			0.014804		0.973333		0.968333
0.28_0.34_6.10e+00_7.32e-04_27.5__544			0.021307		0.970000		0.980000
0.28_0.34_6.10e+00_7.32e-04_30.0__596			0.024021		0.966667		0.966667
0.28_0.34_6.10e+00_7.32e-04_26.4__529			0.028534		0.955000		0.961667
0.28_0.34_6.10e+00_7.32e-04_26.9__533			0.016153		0.975000		0.968333
0.28_0.34_6.10e+00_7.32e-04_26.4__524			0.019695		0.973333		0.976667
0.28_0.34_6.10e+00_7.32e-04_29.5__587			0.022415		0.978333		0.983333
0.28_0.34_6.10e+00_7.32e-04_30.0__592			0.025481		0.963333		0.976667
0.28_0.34_6.10e+00_7.32e-04_30.0__597			0.022503		0.978333		0.985000
0.28_0.34_6.10e+00_7.32e-04_29.0__571			0.014195		0.971667		0.975000
0.28_0.34_6.10e+00_7.32e-04_24.9__494			0.020338		0.973333		0.980000
0.28_0.34_6.10e+00_7.32e-04_28.0__556			0.022574		0.968333		0.965000
0.28_0.34_6.10e+00_7.32e-04_28.5__569			0.027318		0.953333		0.956667
0.28_0.34_6.10e+00_7.32e-04_29.5__583			0.015868		0.976667		0.970000
0.28_0.34_6.10e+00_7.32e-04_25.9__519			0.028530		0.953333		0.956667
0.28_0.34_6.10e+00_7.32e-04_25.4__509			0.029320		0.955000		0.956667
0.28_0.34_6.10e+00_7.32e-04_23.9__473			0.015681		0.975000		0.965000
0.28_0.34_6.10e+00_7.32e-04_30.0__593			0.015272		0.973333		0.968333
0.28_0.34_6.10e+00_7.32e-04_27.5__542			0.026904		0.966667		0.981667
0.28_0.34_6.10e+00_7.32e-04_27.5__546			0.022585		0.963333		0.963333
0.28_0.34_6.10e+00_7.32e-04_26.4__520			0.014978		0.980000		0.971667
0.28_0.34_6.10e+00_7.32e-04_25.4__506			0.023085		0.966667		0.963333
0.28_0.34_6.10e+00_7.32e-04_23.4__460			0.016614		0.980000		0.968333
0.28_0.34_6.10e+00_7.32e-04_26.4__522			0.024236		0.963333		0.976667
0.28_0.34_6.10e+00_7.32e-04_24.4__488			0.017441		0.970000		0.973333
0.28_0.34_6.10e+00_7.32e-04_27.5__540			0.015368		0.978333		0.971667
0.28_0.34_6.10e+00_7.32e-04_23.9__471			0.014598		0.975000		0.975000
0.28_0.34_6.10e+00_7.32e-04_26.9__539			0.024250		0.963333		0.963333
0.28_0.34_6.10e+00_7.32e-04_24.9__493			0.015715		0.971667		0.965000
0.28_0.34_6.10e+00_7.32e-04_26.4__528			0.017636		0.970000		0.976667
0.28_0.34_6.10e+00_7.32e-04_28.0__558			0.017232		0.971667		0.976667
0.28_0.34_6.10e+00_7.32e-04_21.9__436			0.025104		0.966667		0.963333
0.28_0.34_6.10e+00_7.32e-04_26.9__537			0.022871		0.980000		0.975000
0.28_0.34_6.10e+00_7.32e-04_21.9__435			0.029354		0.958333		0.950000
0.28_0.34_6.10e+00_7.32e-04_28.0__550			0.015363		0.976667		0.968333
0.28_0.34_6.10e+00_7.32e-04_25.9__516			0.022795		0.968333		0.961667
0.28_0.34_6.10e+00_7.32e-04_21.9__438			0.018343		0.966667		0.973333
0.28_0.34_6.10e+00_7.32e-04_23.9__479			0.026597		0.961667		0.955000
0.28_0.34_6.10e+00_7.32e-04_29.5__588			0.017825		0.966667		0.980000
0.28_0.34_6.10e+00_7.32e-04_22.9__459			0.024352		0.963333		0.965000
0.28_0.34_6.10e+00_7.32e-04_29.0__577			0.022223		0.978333		0.983333
0.28_0.34_6.10e+00_7.32e-04_21.4__420			0.016993		0.975000		0.963333
0.28_0.34_6.10e+00_7.32e-04_28.5__565			0.032186		0.961667		0.955000
0.28_0.34_6.10e+00_7.32e-04_22.4__440			0.015736		0.978333		0.968333
0.28_0.34_6.10e+00_7.32e-04_25.9__511			0.016269		0.966667		0.971667
0.28_0.34_6.10e+00_7.32e-04_24.4__489			0.026710		0.961667		0.951667
0.28_0.34_6.10e+00_7.32e-04_28.0__557			0.022366		0.981667		0.976667
0.28_0.34_6.10e+00_7.32e-04_23.9__476			0.022927		0.968333		0.968333
0.28_0.34_6.10e+00_7.32e-04_24.9__498			0.015994		0.968333		0.980000
0.28_0.34_6.10e+00_7.32e-04_22.9__452			0.030438		0.960000		0.971667
0.28_0.34_6.10e+00_7.32e-04_25.4__502			0.026794		0.963333		0.975000
0.28_0.34_6.10e+00_7.32e-04_22.4__441			0.015515		0.968333		0.971667
0.28_0.34_6.10e+00_7.32e-04_27.5__548			0.018352		0.971667		0.978333
0.28_0.34_6.10e+00_7.32e-04_28.0__554			0.019406		0.971667		0.983333
0.28_0.34_6.10e+00_7.32e-04_23.4__462			0.028252		0.966667		0.978333
0.28_0.34_6.10e+00_7.32e-04_25.9__518			0.016623		0.970000		0.980000
0.28_0.34_6.10e+00_7.32e-04_22.4__447			0.023395		0.978333		0.976667
0.28_0.34_6.10e+00_7.32e-04_24.4__482			0.028697		0.961667		0.968333
0.28_0.34_6.10e+00_7.32e-04_27.5__545			0.031332		0.951667		0.955000
0.28_0.34_6.10e+00_7.32e-04_28.0__553			0.016046		0.980000		0.973333
0.28_0.34_6.10e+00_7.32e-04_25.9__514			0.019652		0.975000		0.980000
0.28_0.34_6.10e+00_7.32e-04_24.9__492			0.028306		0.961667		0.970000
0.28_0.34_6.10e+00_7.32e-04_28.0__552			0.025321		0.965000		0.975000
0.28_0.34_6.10e+00_7.32e-04_25.9__513			0.014957		0.973333		0.968333
0.28_0.34_6.10e+00_7.32e-04_23.4__468			0.017644		0.965000		0.976667
0.28_0.34_6.10e+00_7.32e-04_21.9__434			0.019636		0.975000		0.980000
0.28_0.34_6.10e+00_7.32e-04_25.4__504			0.020150		0.973333		0.983333
0.28_0.34_6.10e+00_7.32e-04_28.5__563			0.016243		0.978333		0.968333
0.28_0.34_6.10e+00_7.32e-04_24.4__483			0.016020		0.973333		0.966667
0.28_0.34_6.10e+00_7.32e-04_22.9__454			0.018830		0.975000		0.980000
0.28_0.34_6.10e+00_7.32e-04_23.9__470			0.016003		0.980000		0.973333
0.28_0.34_6.10e+00_7.32e-04_24.4__481			0.015404		0.971667		0.973333
0.28_0.34_6.10e+00_7.32e-04_26.4__527			0.022303		0.983333		0.978333
0.28_0.34_6.10e+00_7.32e-04_20.8__410			0.015106		0.980000		0.973333
0.28_0.34_6.10e+00_7.32e-04_27.5__549			0.026182		0.953333		0.958333
0.28_0.34_6.10e+00_7.32e-04_23.4__461			0.017148		0.966667		0.970000
0.28_0.34_6.10e+00_7.32e-04_26.9__535			0.031983		0.953333		0.956667
0.28_0.34_6.10e+00_7.32e-04_20.8__415			0.030552		0.960000		0.948333
0.28_0.34_6.10e+00_7.32e-04_25.9__517			0.022436		0.978333		0.976667
0.28_0.34_6.10e+00_7.32e-04_23.9__478			0.016849		0.965000		0.970000
0.28_0.34_6.10e+00_7.32e-04_19.8__393			0.017643		0.978333		0.965000
0.28_0.34_6.10e+00_7.32e-04_26.4__526			0.022254		0.966667		0.963333
0.28_0.34_6.10e+00_7.32e-04_23.4__464			0.017974		0.980000		0.978333
0.28_0.34_6.10e+00_7.32e-04_21.9__430			0.016446		0.975000		0.968333
0.28_0.34_6.10e+00_7.32e-04_27.5__543			0.016228		0.973333		0.963333
0.28_0.34_6.10e+00_7.32e-04_24.4__486			0.023112		0.965000		0.963333
0.28_0.34_6.10e+00_7.32e-04_20.3__408			0.020807		0.956667		0.968333
0.28_0.34_6.10e+00_7.32e-04_26.9__538			0.017057		0.970000		0.980000
0.28_0.34_6.10e+00_7.32e-04_20.3__405			0.032424		0.958333		0.956667
0.28_0.34_6.10e+00_7.32e-04_19.8__391			0.020834		0.956667		0.970000
0.28_0.34_6.10e+00_7.32e-04_22.9__458			0.017464		0.968333		0.978333
0.28_0.34_6.10e+00_7.32e-04_20.8__417			0.026568		0.976667		0.978333
0.28_0.34_6.10e+00_7.32e-04_23.4__469			0.025598		0.963333		0.958333
0.28_0.34_6.10e+00_7.32e-04_22.9__457			0.023704		0.975000		0.980000
0.28_0.34_6.10e+00_7.32e-04_24.9__491			0.016074		0.970000		0.975000
0.28_0.34_6.10e+00_7.32e-04_28.0__555			0.032120		0.960000		0.955000
0.28_0.34_6.10e+00_7.32e-04_25.4__507			0.023268		0.978333		0.978333
0.28_0.34_6.10e+00_7.32e-04_21.4__426			0.025333		0.970000		0.963333
0.28_0.34_6.10e+00_7.32e-04_29.5__585			0.029058		0.965000		0.960000
0.28_0.34_6.10e+00_7.32e-04_25.9__515			0.030280		0.960000		0.948333
0.28_0.34_6.10e+00_7.32e-04_16.3__328			0.027137		0.950000		0.940000
0.28_0.34_6.10e+00_7.32e-04_19.3__380			0.019245		0.981667		0.971667
0.28_0.34_6.10e+00_7.32e-04_29.0__572			0.024704		0.965000		0.975000
0.28_0.34_6.10e+00_7.32e-04_19.3__384			0.020743		0.963333		0.973333
0.28_0.34_6.10e+00_7.32e-04_25.4__508			0.017797		0.970000		0.978333
0.28_0.34_6.10e+00_7.32e-04_17.8__355			0.042546		0.938333		0.926667
0.28_0.34_6.10e+00_7.32e-04_23.9__472			0.027083		0.961667		0.971667
0.28_0.34_6.10e+00_7.32e-04_23.4__467			0.022518		0.978333		0.978333
0.28_0.34_6.10e+00_7.32e-04_20.8__418			0.018885		0.966667		0.973333
0.28_0.34_6.10e+00_7.32e-04_24.9__495			0.030800		0.955000		0.950000
0.28_0.34_6.10e+00_7.32e-04_20.3__404			0.021477		0.971667		0.980000
0.28_0.34_6.10e+00_7.32e-04_25.4__501			0.016405		0.968333		0.973333
0.28_0.34_6.10e+00_7.32e-04_19.3__381			0.021464		0.956667		0.965000
0.28_0.34_6.10e+00_7.32e-04_24.4__485			0.028475		0.960000		0.955000
0.28_0.34_6.10e+00_7.32e-04_19.3__387			0.028470		0.965000		0.968333
0.28_0.34_6.10e+00_7.32e-04_18.8__373			0.021316		0.963333		0.955000
0.28_0.34_6.10e+00_7.32e-04_20.3__406			0.024226		0.968333		0.961667
0.28_0.34_6.10e+00_7.32e-04_18.8__378			0.023777		0.951667		0.963333
0.28_0.34_6.10e+00_7.32e-04_28.5__568			0.017562		0.970000		0.976667
0.28_0.34_6.10e+00_7.32e-04_20.8__419			0.024945		0.966667		0.960000
0.28_0.34_6.10e+00_7.32e-04_16.8__335			0.037982		0.945000		0.935000
0.28_0.34_6.10e+00_7.32e-04_19.8__394			0.021621		0.970000		0.973333
0.28_0.34_6.10e+00_7.32e-04_22.4__448			0.017119		0.966667		0.975000
0.28_0.34_6.10e+00_7.32e-04_29.0__574			0.018498		0.971667		0.981667
0.28_0.34_6.10e+00_7.32e-04_24.4__484			0.018827		0.978333		0.978333
0.28_0.34_6.10e+00_7.32e-04_30.0__594			0.019362		0.971667		0.983333
0.28_0.34_6.10e+00_7.32e-04_28.5__564			0.019766		0.971667		0.983333
0.28_0.34_6.10e+00_7.32e-04_17.8__352			0.052651		0.920000		0.948333
0.28_0.34_6.10e+00_7.32e-04_18.8__376			0.027937		0.956667		0.951667
0.28_0.34_6.10e+00_7.32e-04_21.4__427			0.024038		0.980000		0.976667
0.28_0.34_6.10e+00_7.32e-04_20.3__409			0.026777		0.963333		0.960000
0.28_0.34_6.10e+00_7.32e-04_19.3__386			0.027294		0.961667		0.958333
0.28_0.34_6.10e+00_7.32e-04_25.4__505			0.030834		0.956667		0.950000
0.28_0.34_6.10e+00_7.32e-04_23.4__463			0.016339		0.975000		0.970000
0.28_0.34_6.10e+00_7.32e-04_22.9__451			0.017762		0.968333		0.971667
0.28_0.34_6.10e+00_7.32e-04_22.4__443			0.015521		0.971667		0.968333
0.28_0.34_6.10e+00_7.32e-04_17.3__347			0.032687		0.963333		0.973333
0.28_0.34_6.10e+00_7.32e-04_18.8__375			0.033756		0.953333		0.950000
0.28_0.34_6.10e+00_7.32e-04_14.7__293			0.048821		0.893333		0.873333
0.28_0.34_6.10e+00_7.32e-04_22.4__446			0.026624		0.966667		0.965000
0.28_0.34_6.10e+00_7.32e-04_17.8__358			0.025471		0.955000		0.961667
0.28_0.34_6.10e+00_7.32e-04_17.8__357			0.031978		0.970000		0.968333
0.28_0.34_6.10e+00_7.32e-04_20.8__416			0.025441		0.971667		0.960000
0.28_0.34_6.10e+00_7.32e-04_15.8__317			0.046032		0.940000		0.938333
0.28_0.34_6.10e+00_7.32e-04_23.9__477			0.022456		0.973333		0.976667
0.28_0.34_6.10e+00_7.32e-04_21.9__432			0.032389		0.955000		0.966667
0.28_0.34_6.10e+00_7.32e-04_16.8__334			0.027061		0.963333		0.958333
0.28_0.34_6.10e+00_7.32e-04_16.8__338			0.026937		0.953333		0.953333
0.28_0.34_6.10e+00_7.32e-04_13.7__274			0.073786		0.853333		0.881667
0.28_0.34_6.10e+00_7.32e-04_20.8__411			0.017929		0.966667		0.975000
0.28_0.34_6.10e+00_7.32e-04_26.4__521			0.016048		0.970000		0.971667
0.28_0.34_6.10e+00_7.32e-04_21.4__423			0.016860		0.975000		0.961667
0.28_0.34_6.10e+00_7.32e-04_29.0__578			0.017566		0.968333		0.975000
0.28_0.34_6.10e+00_7.32e-04_17.8__359			0.036833		0.953333		0.951667
0.28_0.34_6.10e+00_7.32e-04_19.8__390			0.016042		0.981667		0.971667
0.28_0.34_6.10e+00_7.32e-04_16.8__331			0.019772		0.950000		0.956667
0.28_0.34_6.10e+00_7.32e-04_17.8__356			0.030858		0.955000		0.951667
0.28_0.34_6.10e+00_7.32e-04_18.3__368			0.024180		0.951667		0.953333
0.28_0.34_6.10e+00_7.32e-04_20.8__414			0.019680		0.971667		0.981667
0.28_0.34_6.10e+00_7.32e-04_24.4__487			0.023103		0.976667		0.975000
0.28_0.34_6.10e+00_7.32e-04_19.8__392			0.033538		0.956667		0.968333
0.28_0.34_6.10e+00_7.32e-04_21.4__428			0.017227		0.961667		0.970000
0.28_0.34_6.10e+00_7.32e-04_15.8__310			0.029540		0.965000		0.940000
0.28_0.34_6.10e+00_7.32e-04_24.4__480			0.016203		0.976667		0.971667
0.28_0.34_6.10e+00_7.32e-04_20.8__413			0.017461		0.975000		0.961667
0.28_0.34_6.10e+00_7.32e-04_17.3__345			0.037477		0.953333		0.940000
0.28_0.34_6.10e+00_7.32e-04_16.3__322			0.067554		0.878333		0.873333
0.28_0.34_6.10e+00_7.32e-04_18.8__370			0.020134		0.978333		0.956667
0.28_0.34_6.10e+00_7.32e-04_15.8__311			0.027531		0.951667		0.953333
0.28_0.34_6.10e+00_7.32e-04_21.9__437			0.023162		0.973333		0.975000
0.28_0.34_6.10e+00_7.32e-04_14.2__283			0.058774		0.876667		0.848333
0.28_0.34_6.10e+00_7.32e-04_22.9__453			0.016936		0.971667		0.965000
0.28_0.34_6.10e+00_7.32e-04_13.2__267			0.062891		0.861667		0.881667
0.28_0.34_6.10e+00_7.32e-04_16.3__321			0.030571		0.948333		0.961667
0.28_0.34_6.10e+00_7.32e-04_16.3__325			0.039618		0.948333		0.943333
0.28_0.34_6.10e+00_7.32e-04_14.2__288			0.055184		0.855000		0.851667
0.28_0.34_6.10e+00_7.32e-04_19.3__385			0.033007		0.955000		0.958333
0.28_0.34_6.10e+00_7.32e-04_13.7__270			0.056676		0.881667		0.865000
0.28_0.34_6.10e+00_7.32e-04_17.3__349			0.036672		0.953333		0.950000
0.28_0.34_6.10e+00_7.32e-04_19.8__398			0.022285		0.958333		0.963333
0.28_0.34_6.10e+00_7.32e-04_17.3__346			0.033736		0.960000		0.956667
0.28_0.34_6.10e+00_7.32e-04_21.4__429			0.025201		0.963333		0.965000
0.28_0.34_6.10e+00_7.32e-04_16.8__330			0.021449		0.971667		0.960000
0.28_0.34_6.10e+00_7.32e-04_19.3__382			0.036980		0.946667		0.958333
0.28_0.34_6.10e+00_7.32e-04_14.7__298			0.043162		0.915000		0.901667
0.28_0.34_6.10e+00_7.32e-04_26.4__525			0.032874		0.953333		0.956667
0.28_0.34_6.10e+00_7.32e-04_13.7__275			0.064437		0.873333		0.853333
0.28_0.34_6.10e+00_7.32e-04_20.8__412			0.029914		0.960000		0.973333
0.28_0.34_6.10e+00_7.32e-04_23.4__465			0.028526		0.956667		0.948333
0.28_0.34_6.10e+00_7.32e-04_12.2__248			0.065050		0.795000		0.761667
0.28_0.34_6.10e+00_7.32e-04_15.8__318			0.031748		0.946667		0.943333
0.28_0.34_6.10e+00_7.32e-04_13.7__271			0.049239		0.860000		0.871667
0.28_0.34_6.10e+00_7.32e-04_11.2__224			0.095913		0.811667		0.816667
0.28_0.34_6.10e+00_7.32e-04_15.8__312			0.050330		0.911667		0.895000
0.28_0.34_6.10e+00_7.32e-04_14.2__280			0.049453		0.885000		0.865000
0.28_0.34_6.10e+00_7.32e-04_23.9__474			0.018264		0.980000		0.981667
0.28_0.34_6.10e+00_7.32e-04_9.7__198			0.119013		0.631667		0.590000
0.28_0.34_6.10e+00_7.32e-04_12.7__255			0.066573		0.865000		0.843333
0.28_0.34_6.10e+00_7.32e-04_17.3__348			0.024836		0.953333		0.948333
0.28_0.34_6.10e+00_7.32e-04_16.8__333			0.028075		0.946667		0.933333
0.28_0.34_6.10e+00_7.32e-04_22.9__450			0.015228		0.976667		0.970000
0.28_0.34_6.10e+00_7.32e-04_20.3__407			0.026696		0.973333		0.975000
0.28_0.34_6.10e+00_7.32e-04_13.2__262			0.063649		0.853333		0.828333
0.28_0.34_6.10e+00_7.32e-04_15.3__300			0.032042		0.955000		0.935000
0.28_0.34_6.10e+00_7.32e-04_21.9__439			0.026671		0.960000		0.958333
0.28_0.34_6.10e+00_7.32e-04_16.8__332			0.054573		0.918333		0.920000
0.28_0.34_6.10e+00_7.32e-04_22.4__445			0.029819		0.963333		0.951667
0.28_0.34_6.10e+00_7.32e-04_18.3__366			0.029011		0.953333		0.955000
0.28_0.34_6.10e+00_7.32e-04_12.2__247			0.067708		0.841667		0.870000
0.28_0.34_6.10e+00_7.32e-04_18.3__360			0.017951		0.976667		0.968333
0.28_0.34_6.10e+00_7.32e-04_13.7__273			0.060462		0.878333		0.851667
0.28_0.34_6.10e+00_7.32e-04_16.8__339			0.038369		0.950000		0.955000
0.28_0.34_6.10e+00_7.32e-04_24.9__499			0.027860		0.956667		0.960000
0.28_0.34_6.10e+00_7.32e-04_10.7__216			0.072225		0.800000		0.811667
0.28_0.34_6.10e+00_7.32e-04_22.4__449			0.028059		0.955000		0.960000
0.28_0.34_6.10e+00_7.32e-04_21.4__425			0.030536		0.950000		0.948333
0.28_0.34_6.10e+00_7.32e-04_11.7__233			0.072879		0.823333		0.801667
0.28_0.34_6.10e+00_7.32e-04_14.2__287			0.058708		0.865000		0.868333
0.28_0.34_6.10e+00_7.32e-04_14.7__296			0.053733		0.906667		0.920000
0.28_0.34_6.10e+00_7.32e-04_15.8__313			0.034462		0.951667		0.936667
0.28_0.34_6.10e+00_7.32e-04_23.4__466			0.024080		0.963333		0.960000
0.28_0.34_6.10e+00_7.32e-04_27.5__547			0.022374		0.981667		0.976667
0.28_0.34_6.10e+00_7.32e-04_13.7__277			0.060665		0.855000		0.870000
0.28_0.34_6.10e+00_7.32e-04_21.4__421			0.017800		0.958333		0.966667
0.28_0.34_6.10e+00_7.32e-04_10.7__214			0.095870		0.796667		0.820000
0.28_0.34_6.10e+00_7.32e-04_15.3__308			0.047730		0.868333		0.875000
0.28_0.34_6.10e+00_7.32e-04_10.7__211			0.085429		0.731667		0.736667
0.28_0.34_6.10e+00_7.32e-04_16.8__336			0.033753		0.951667		0.953333
0.28_0.34_6.10e+00_7.32e-04_10.2__202			0.123561		0.678333		0.640000
0.28_0.34_6.10e+00_7.32e-04_22.4__444			0.018425		0.975000		0.981667
0.28_0.34_6.10e+00_7.32e-04_11.7__231			0.066599		0.801667		0.808333
0.28_0.34_6.10e+00_7.32e-04_15.8__314			0.052100		0.926667		0.915000
0.28_0.34_6.10e+00_7.32e-04_21.4__424			0.018750		0.973333		0.978333
0.28_0.34_6.10e+00_7.32e-04_25.9__512			0.026853		0.965000		0.976667
0.28_0.34_6.10e+00_7.32e-04_9.7__197			0.126862		0.706667		0.745000
0.28_0.34_6.10e+00_7.32e-04_18.8__372			0.040781		0.948333		0.958333
0.28_0.34_6.10e+00_7.32e-04_15.3__307			0.058891		0.865000		0.886667
0.28_0.34_6.10e+00_7.32e-04_14.7__294			0.069321		0.860000		0.881667
0.28_0.34_6.10e+00_7.32e-04_14.7__291			0.035214		0.908333		0.933333
0.28_0.34_6.10e+00_7.32e-04_10.7__217			0.107301		0.756667		0.785000
0.28_0.34_6.10e+00_7.32e-04_10.7__213			0.089299		0.746667		0.733333
0.28_0.34_6.10e+00_7.32e-04_9.2__181			0.120202		0.568333		0.563333
0.28_0.34_6.10e+00_7.32e-04_16.3__329			0.037520		0.961667		0.951667
0.28_0.34_6.10e+00_7.32e-04_18.3__365			0.033000		0.955000		0.953333
0.28_0.34_6.10e+00_7.32e-04_18.8__377			0.026231		0.976667		0.973333
0.28_0.34_6.10e+00_7.32e-04_11.7__236			0.063513		0.805000		0.818333
0.28_0.34_6.10e+00_7.32e-04_19.3__388			0.020399		0.956667		0.968333
0.28_0.34_6.10e+00_7.32e-04_9.7__193			0.106709		0.678333		0.661667
0.28_0.34_6.10e+00_7.32e-04_11.2__221			0.067668		0.806667		0.811667
0.28_0.34_6.10e+00_7.32e-04_15.3__304			0.067063		0.878333		0.896667
0.28_0.34_6.10e+00_7.32e-04_11.2__227			0.091859		0.791667		0.800000
0.28_0.34_6.10e+00_7.32e-04_26.9__532			0.025454		0.966667		0.983333
0.28_0.34_6.10e+00_7.32e-04_8.6__171			0.132927		0.625000		0.625000
0.28_0.34_6.10e+00_7.32e-04_13.2__264			0.077894		0.848333		0.875000
0.28_0.34_6.10e+00_7.32e-04_12.2__249			0.081696		0.783333		0.775000
0.28_0.34_6.10e+00_7.32e-04_12.2__244			0.081742		0.825000		0.838333
0.28_0.34_6.10e+00_7.32e-04_12.2__243			0.071455		0.811667		0.805000
0.28_0.34_6.10e+00_7.32e-04_22.9__456			0.024052		0.965000		0.966667
0.28_0.34_6.10e+00_7.32e-04_14.7__297			0.060947		0.858333		0.868333
0.28_0.34_6.10e+00_7.32e-04_25.4__503			0.015535		0.971667		0.970000
0.28_0.34_6.10e+00_7.32e-04_19.3__383			0.019913		0.965000		0.953333
0.28_0.34_6.10e+00_7.32e-04_10.2__209			0.094373		0.765000		0.750000
0.28_0.34_6.10e+00_7.32e-04_11.7__239			0.083312		0.778333		0.760000
0.28_0.34_6.10e+00_7.32e-04_17.8__350			0.018156		0.975000		0.968333
0.28_0.34_6.10e+00_7.32e-04_14.2__286			0.057343		0.860000		0.881667
0.28_0.34_6.10e+00_7.32e-04_18.8__371			0.022994		0.955000		0.965000
0.28_0.34_6.10e+00_7.32e-04_15.8__315			0.048612		0.930000		0.916667
0.28_0.34_6.10e+00_7.32e-04_18.3__364			0.022363		0.965000		0.973333
0.28_0.34_6.10e+00_7.32e-04_10.7__219			0.085930		0.791667		0.761667
0.28_0.34_6.10e+00_7.32e-04_10.7__210			0.076045		0.806667		0.796667
0.28_0.34_6.10e+00_7.32e-04_7.6__155			0.138968		0.593333		0.606667
0.28_0.34_6.10e+00_7.32e-04_9.7__194			0.157929		0.530000		0.536667
0.28_0.34_6.10e+00_7.32e-04_13.2__268			0.053915		0.856667		0.820000
0.28_0.34_6.10e+00_7.32e-04_15.3__301			0.028784		0.940000		0.943333
0.28_0.34_6.10e+00_7.32e-04_14.7__295			0.061454		0.881667		0.868333
0.28_0.34_6.10e+00_7.32e-04_9.2__182			0.124126		0.705000		0.685000
0.28_0.34_6.10e+00_7.32e-04_21.9__431			0.015493		0.973333		0.975000
0.28_0.34_6.10e+00_7.32e-04_19.8__397			0.026775		0.978333		0.973333
0.28_0.34_6.10e+00_7.32e-04_6.1__128			0.188065		0.383333		0.345000
0.28_0.34_6.10e+00_7.32e-04_10.7__215			0.104542		0.780000		0.753333
0.28_0.34_6.10e+00_7.32e-04_13.7__279			0.070093		0.846667		0.831667
0.28_0.34_6.10e+00_7.32e-04_10.2__203			0.098672		0.725000		0.725000
0.28_0.34_6.10e+00_7.32e-04_13.2__265			0.065381		0.870000		0.841667
0.28_0.34_6.10e+00_7.32e-04_21.9__433			0.017867		0.970000		0.958333
0.28_0.34_6.10e+00_7.32e-04_18.3__369			0.034059		0.950000		0.951667
0.28_0.34_6.10e+00_7.32e-04_4.6__98			0.195434		0.375000		0.336667
0.28_0.34_6.10e+00_7.32e-04_7.6__154			0.191564		0.511667		0.511667
0.28_0.34_6.10e+00_7.32e-04_9.7__192			0.123819		0.681667		0.663333
0.28_0.34_6.10e+00_7.32e-04_7.1__149			0.137462		0.583333		0.623333
0.28_0.34_6.10e+00_7.32e-04_11.7__238			0.067577		0.761667		0.736667
0.28_0.34_6.10e+00_7.32e-04_15.3__306			0.050406		0.915000		0.926667
0.28_0.34_6.10e+00_7.32e-04_13.2__261			0.050339		0.863333		0.863333
0.28_0.34_6.10e+00_7.32e-04_12.2__241			0.064393		0.810000		0.816667
0.28_0.34_6.10e+00_7.32e-04_7.1__143			0.128637		0.565000		0.558333
0.28_0.34_6.10e+00_7.32e-04_7.1__148			0.139068		0.641667		0.598333
0.28_0.34_6.10e+00_7.32e-04_14.7__292			0.059310		0.870000		0.853333
0.28_0.34_6.10e+00_7.32e-04_19.8__396			0.025639		0.960000		0.960000
0.28_0.34_6.10e+00_7.32e-04_7.1__146			0.131344		0.620000		0.616667
0.28_0.34_6.10e+00_7.32e-04_14.2__285			0.064095		0.878333		0.853333
0.28_0.34_6.10e+00_7.32e-04_15.3__302			0.058543		0.878333		0.861667
0.28_0.34_6.10e+00_7.32e-04_6.6__131			0.135408		0.613333		0.586667
0.28_0.34_6.10e+00_7.32e-04_9.7__190			0.124416		0.573333		0.618333
0.28_0.34_6.10e+00_7.32e-04_11.2__223			0.083597		0.788333		0.760000
0.28_0.34_6.10e+00_7.32e-04_8.6__173			0.113944		0.573333		0.570000
0.28_0.34_6.10e+00_7.32e-04_8.6__175			0.139763		0.595000		0.601667
0.28_0.34_6.10e+00_7.32e-04_23.9__475			0.030235		0.955000		0.948333
0.28_0.34_6.10e+00_7.32e-04_5.6__118			0.189184		0.376667		0.340000
0.28_0.34_6.10e+00_7.32e-04_3.6__78			0.150686		0.505000		0.493333
0.28_0.34_6.10e+00_7.32e-04_18.8__374			0.020715		0.963333		0.980000
0.28_0.34_6.10e+00_7.32e-04_18.8__379			0.033164		0.951667		0.953333
0.28_0.34_6.10e+00_7.32e-04_5.6__110			0.196109		0.326667		0.356667
0.28_0.34_6.10e+00_7.32e-04_6.6__137			0.142118		0.586667		0.576667
0.28_0.34_6.10e+00_7.32e-04_9.2__180			0.137247		0.571667		0.615000
0.28_0.34_6.10e+00_7.32e-04_18.3__363			0.022898		0.966667		0.948333
0.28_0.34_6.10e+00_7.32e-04_9.2__188			0.115967		0.638333		0.605000
0.28_0.34_6.10e+00_7.32e-04_14.7__290			0.044032		0.925000		0.906667
0.28_0.34_6.10e+00_7.32e-04_4.1__85			0.169035		0.535000		0.556667
0.28_0.34_6.10e+00_7.32e-04_8.1__166			0.128191		0.621667		0.616667
0.28_0.34_6.10e+00_7.32e-04_12.7__250			0.061042		0.871667		0.856667
0.28_0.34_6.10e+00_7.32e-04_9.2__183			0.111512		0.576667		0.561667
0.28_0.34_6.10e+00_7.32e-04_13.7__272			0.063919		0.855000		0.833333
0.28_0.34_6.10e+00_7.32e-04_7.1__140			0.141245		0.576667		0.616667
0.28_0.34_6.10e+00_7.32e-04_13.7__278			0.054437		0.853333		0.830000
0.28_0.34_6.10e+00_7.32e-04_25.9__510			0.015841		0.983333		0.971667
0.28_0.34_6.10e+00_7.32e-04_15.3__309			0.056434		0.891667		0.888333
0.28_0.34_6.10e+00_7.32e-04_22.4__442			0.032655		0.958333		0.970000
0.28_0.34_6.10e+00_7.32e-04_13.2__269			0.069868		0.821667		0.810000
0.28_0.34_6.10e+00_7.32e-04_4.1__80			0.184465		0.496667		0.550000
0.28_0.34_6.10e+00_7.32e-04_17.8__354			0.025744		0.958333		0.968333
0.28_0.34_6.10e+00_7.32e-04_24.9__496			0.023887		0.965000		0.963333
0.28_0.34_6.10e+00_7.32e-04_9.2__186			0.113116		0.593333		0.603333
0.28_0.34_6.10e+00_7.32e-04_9.7__191			0.117590		0.580000		0.570000
0.28_0.34_6.10e+00_7.32e-04_7.6__156			0.140214		0.610000		0.620000
0.28_0.34_6.10e+00_7.32e-04_17.3__344			0.025189		0.961667		0.965000
0.28_0.34_6.10e+00_7.32e-04_5.1__103			0.185452		0.328333		0.328333
0.28_0.34_6.10e+00_7.32e-04_30.0__599			0.027194		0.958333		0.956667
0.28_0.34_6.10e+00_7.32e-04_7.6__153			0.127229		0.568333		0.560000
0.28_0.34_6.10e+00_7.32e-04_11.2__228			0.078461		0.753333		0.733333
0.28_0.34_6.10e+00_7.32e-04_9.2__189			0.120608		0.620000		0.650000
0.28_0.34_6.10e+00_7.32e-04_24.9__497			0.024294		0.980000		0.976667
0.28_0.34_6.10e+00_7.32e-04_12.7__258			0.055490		0.835000		0.801667
0.28_0.34_6.10e+00_7.32e-04_10.2__201			0.108534		0.723333		0.720000
0.28_0.34_6.10e+00_7.32e-04_4.1__81			0.176066		0.351667		0.315000
0.28_0.34_6.10e+00_7.32e-04_13.7__276			0.060323		0.860000		0.885000
0.28_0.34_6.10e+00_7.32e-04_10.2__206			0.100984		0.745000		0.708333
0.28_0.34_6.10e+00_7.32e-04_11.7__237			0.079770		0.798333		0.820000
0.28_0.34_6.10e+00_7.32e-04_6.1__121			0.135902		0.616667		0.585000
0.28_0.34_6.10e+00_7.32e-04_3.1__60			0.146998		0.553333		0.591667
0.28_0.34_6.10e+00_7.32e-04_6.6__138			0.139393		0.601667		0.556667
0.28_0.34_6.10e+00_7.32e-04_4.1__89			0.146435		0.533333		0.553333
0.28_0.34_6.10e+00_7.32e-04_6.1__120			0.194023		0.340000		0.373333
0.28_0.34_6.10e+00_7.32e-04_4.6__92			0.156441		0.476667		0.460000
0.28_0.34_6.10e+00_7.32e-04_10.7__212			0.089033		0.773333		0.756667
0.28_0.34_6.10e+00_7.32e-04_10.2__204			0.125010		0.595000		0.591667
0.28_0.34_6.10e+00_7.32e-04_22.9__455			0.028739		0.966667		0.953333
0.28_0.34_6.10e+00_7.32e-04_6.1__126			0.145222		0.623333		0.621667
0.28_0.34_6.10e+00_7.32e-04_18.3__361			0.021179		0.955000		0.958333
0.28_0.34_6.10e+00_7.32e-04_12.7__257			0.064915		0.853333		0.876667
0.28_0.34_6.10e+00_7.32e-04_8.6__178			0.120847		0.648333		0.591667
0.28_0.34_6.10e+00_7.32e-04_11.7__230			0.072904		0.811667		0.810000
0.28_0.34_6.10e+00_7.32e-04_12.2__246			0.062787		0.803333		0.820000
0.28_0.34_6.10e+00_7.32e-04_14.2__282			0.059642		0.870000		0.851667
0.28_0.34_6.10e+00_7.32e-04_18.3__367			0.029130		0.970000		0.970000
0.28_0.34_6.10e+00_7.32e-04_2.5__59			0.133369		0.621667		0.656667
0.28_0.34_6.10e+00_7.32e-04_11.2__222			0.086693		0.776667		0.766667
0.28_0.34_6.10e+00_7.32e-04_16.3__323			0.024551		0.956667		0.945000
0.28_0.34_6.10e+00_7.32e-04_6.6__134			0.191848		0.515000		0.513333
0.28_0.34_6.10e+00_7.32e-04_8.1__163			0.128642		0.568333		0.560000
0.28_0.34_6.10e+00_7.32e-04_7.6__159			0.134877		0.613333		0.631667
0.28_0.34_6.10e+00_7.32e-04_6.1__122			0.134442		0.711667		0.683333
0.28_0.34_6.10e+00_7.32e-04_13.2__260			0.058188		0.875000		0.861667
0.28_0.34_6.10e+00_7.32e-04_6.1__125			0.147166		0.560000		0.566667
0.28_0.34_6.10e+00_7.32e-04_15.3__305			0.059300		0.898333		0.878333
0.28_0.34_6.10e+00_7.32e-04_3.6__76			0.139852		0.600000		0.615000
0.28_0.34_6.10e+00_7.32e-04_4.1__84			0.248009		0.345000		0.331667
0.28_0.34_6.10e+00_7.32e-04_4.6__94			0.255152		0.345000		0.331667
0.28_0.34_6.10e+00_7.32e-04_7.1__145			0.148835		0.558333		0.565000
0.28_0.34_6.10e+00_7.32e-04_8.1__160			0.141081		0.573333		0.616667
0.28_0.34_6.10e+00_7.32e-04_7.1__142			0.132532		0.700000		0.665000
0.28_0.34_6.10e+00_7.32e-04_7.1__141			0.134676		0.613333		0.570000
0.28_0.34_6.10e+00_7.32e-04_8.6__179			0.135124		0.590000		0.611667
0.28_0.34_6.10e+00_7.32e-04_6.6__132			0.133601		0.715000		0.675000
0.28_0.34_6.10e+00_7.32e-04_9.2__185			0.127951		0.591667		0.601667
0.28_0.34_6.10e+00_7.32e-04_17.3__343			0.025979		0.948333		0.940000
0.28_0.34_6.10e+00_7.32e-04_1.5__36			0.158936		0.596667		0.606667
0.28_0.34_6.10e+00_7.32e-04_15.8__316			0.037910		0.936667		0.943333
0.28_0.34_6.10e+00_7.32e-04_15.3__303			0.041507		0.916667		0.900000
0.28_0.34_6.10e+00_7.32e-04_19.8__399			0.028193		0.966667		0.966667
0.28_0.34_6.10e+00_7.32e-04_17.3__341			0.021687		0.953333		0.946667
0.28_0.34_6.10e+00_7.32e-04_14.7__299			0.063180		0.860000		0.851667
0.28_0.34_6.10e+00_7.32e-04_11.7__235			0.086727		0.818333		0.796667
0.28_0.34_6.10e+00_7.32e-04_20.3__401			0.020291		0.961667		0.973333
0.28_0.34_6.10e+00_7.32e-04_13.2__263			0.062114		0.860000		0.830000
0.28_0.34_6.10e+00_7.32e-04_9.2__184			0.164055		0.545000		0.540000
0.28_0.34_6.10e+00_7.32e-04_5.1__101			0.175456		0.356667		0.320000
0.28_0.34_6.10e+00_7.32e-04_12.7__259			0.078785		0.790000		0.783333
0.28_0.34_6.10e+00_7.32e-04_8.1__169			0.122006		0.675000		0.688333
0.28_0.34_6.10e+00_7.32e-04_8.1__165			0.140794		0.586667		0.600000
0.28_0.34_6.10e+00_7.32e-04_14.2__284			0.071186		0.863333		0.880000
0.28_0.34_6.10e+00_7.32e-04_21.4__422			0.029753		0.956667		0.968333
0.28_0.34_6.10e+00_7.32e-04_7.1__147			0.143278		0.583333		0.573333
0.28_0.34_6.10e+00_7.32e-04_12.7__256			0.063916		0.851667		0.878333
0.28_0.34_6.10e+00_7.32e-04_3.6__73			0.149177		0.541667		0.525000
0.28_0.34_6.10e+00_7.32e-04_1.5__31			0.140302		0.605000		0.611667
0.28_0.34_6.10e+00_7.32e-04_6.1__123			0.186843		0.328333		0.328333
0.28_0.34_6.10e+00_7.32e-04_2.0__45			0.157417		0.511667		0.541667
0.28_0.34_6.10e+00_7.32e-04_5.1__100			0.195950		0.326667		0.356667
0.28_0.34_6.10e+00_7.32e-04_10.2__205			0.101424		0.795000		0.763333
0.28_0.34_6.10e+00_7.32e-04_3.1__63			0.140887		0.558333		0.545000
0.28_0.34_6.10e+00_7.32e-04_1.0__24			0.169552		0.575000		0.581667
0.28_0.34_6.10e+00_7.32e-04_19.8__395			0.031571		0.963333		0.958333
0.28_0.34_6.10e+00_7.32e-04_1.0__22			0.132243		0.651667		0.631667
0.28_0.34_6.10e+00_7.32e-04_12.7__253			0.065279		0.846667		0.818333
0.28_0.34_6.10e+00_7.32e-04_2.0__41			0.134690		0.595000		0.570000
0.28_0.34_6.10e+00_7.32e-04_13.2__266			0.062249		0.853333		0.881667
0.28_0.34_6.10e+00_7.32e-04_3.6__70			0.193511		0.326667		0.356667
0.28_0.34_6.10e+00_7.32e-04_5.6__119			0.151103		0.638333		0.646667
0.28_0.34_6.10e+00_7.32e-04_2.0__43			0.128641		0.580000		0.556667
0.28_0.34_6.10e+00_7.32e-04_10.7__218			0.082954		0.745000		0.716667
0.28_0.34_6.10e+00_7.32e-04_12.2__245			0.067653		0.851667		0.836667
0.28_0.34_6.10e+00_7.32e-04_7.6__150			0.141451		0.576667		0.613333
0.28_0.34_6.10e+00_7.32e-04_20.3__403			0.017349		0.975000		0.960000
0.28_0.34_6.10e+00_7.32e-04_1.0__21			0.141360		0.486667		0.521667
0.28_0.34_6.10e+00_7.32e-04_6.1__129			0.146362		0.620000		0.638333
0.28_0.34_6.10e+00_7.32e-04_1.5__38			0.135065		0.705000		0.686667
0.28_0.34_6.10e+00_7.32e-04_3.6__72			0.162333		0.463333		0.443333
0.28_0.34_6.10e+00_7.32e-04_16.8__337			0.032535		0.968333		0.963333
0.28_0.34_6.10e+00_7.32e-04_5.1__105			0.154726		0.553333		0.565000
0.28_0.34_6.10e+00_7.32e-04_0.0__8			0.115103		0.696667		0.641667
0.28_0.34_6.10e+00_7.32e-04_10.2__207			0.122861		0.673333		0.711667
0.28_0.34_6.10e+00_7.32e-04_17.3__342			0.046788		0.945000		0.951667
0.28_0.34_6.10e+00_7.32e-04_8.1__162			0.131178		0.685000		0.646667
0.28_0.34_6.10e+00_7.32e-04_8.1__168			0.138385		0.651667		0.610000
0.28_0.34_6.10e+00_7.32e-04_5.6__117			0.145942		0.538333		0.528333
0.28_0.34_6.10e+00_7.32e-04_1.0__26			0.141825		0.576667		0.598333
0.28_0.34_6.10e+00_7.32e-04_3.1__65			0.157344		0.521667		0.551667
0.28_0.34_6.10e+00_7.32e-04_11.7__234			0.082956		0.823333		0.833333
0.28_0.34_6.10e+00_7.32e-04_5.6__114			0.254453		0.345000		0.331667
0.28_0.34_6.10e+00_7.32e-04_3.1__66			0.145163		0.615000		0.620000
0.28_0.34_6.10e+00_7.32e-04_6.6__130			0.187672		0.355000		0.395000
0.28_0.34_6.10e+00_7.32e-04_16.3__320			0.024906		0.961667		0.956667
0.28_0.34_6.10e+00_7.32e-04_8.6__170			0.140551		0.571667		0.615000
0.28_0.34_6.10e+00_7.32e-04_4.1__86			0.170967		0.618333		0.628333
0.28_0.34_6.10e+00_7.32e-04_2.0__40			0.133556		0.566667		0.603333
0.28_0.34_6.10e+00_7.32e-04_0.0__1			0.115461		0.643333		0.623333
0.28_0.34_6.10e+00_7.32e-04_5.6__113			0.182320		0.333333		0.336667
0.28_0.34_6.10e+00_7.32e-04_2.5__57			0.168118		0.490000		0.460000
0.28_0.34_6.10e+00_7.32e-04_9.2__187			0.134483		0.651667		0.698333
0.28_0.34_6.10e+00_7.32e-04_6.6__139			0.138279		0.633333		0.646667
0.28_0.34_6.10e+00_7.32e-04_5.6__116			0.148747		0.623333		0.621667
0.28_0.34_6.10e+00_7.32e-04_1.5__39			0.127754		0.646667		0.661667
0.28_0.34_6.10e+00_7.32e-04_2.5__56			0.134728		0.580000		0.600000
0.28_0.34_6.10e+00_7.32e-04_8.6__177			0.145160		0.581667		0.570000
0.28_0.34_6.10e+00_7.32e-04_4.1__87			0.172821		0.366667		0.351667
0.28_0.34_6.10e+00_7.32e-04_8.6__176			0.130822		0.575000		0.596667
0.28_0.34_6.10e+00_7.32e-04_3.1__62			0.140506		0.551667		0.528333
0.28_0.34_6.10e+00_7.32e-04_4.6__95			0.168807		0.568333		0.598333
0.28_0.34_6.10e+00_7.32e-04_17.8__353			0.023139		0.958333		0.948333
0.28_0.34_6.10e+00_7.32e-04_19.3__389			0.027001		0.963333		0.956667
0.28_0.34_6.10e+00_7.32e-04_12.7__251			0.059631		0.833333		0.826667
0.28_0.34_6.10e+00_7.32e-04_10.2__208			0.104753		0.675000		0.680000
0.28_0.34_6.10e+00_7.32e-04_2.5__55			0.155279		0.540000		0.560000
0.28_0.34_6.10e+00_7.32e-04_7.6__158			0.138812		0.646667		0.605000
0.28_0.34_6.10e+00_7.32e-04_3.1__69			0.131784		0.610000		0.615000
0.28_0.34_6.10e+00_7.32e-04_14.2__281			0.037625		0.911667		0.930000
0.28_0.34_6.10e+00_7.32e-04_3.6__77			0.146540		0.526667		0.526667
0.28_0.34_6.10e+00_7.32e-04_4.6__93			0.170484		0.426667		0.418333
0.28_0.34_6.10e+00_7.32e-04_28.5__562			0.025360		0.961667		0.975000
0.28_0.34_6.10e+00_7.32e-04_16.3__326			0.044151		0.940000		0.945000
0.28_0.34_6.10e+00_7.32e-04_5.1__107			0.163275		0.488333		0.453333
0.28_0.34_6.10e+00_7.32e-04_6.6__135			0.139706		0.595000		0.601667
0.28_0.34_6.10e+00_7.32e-04_0.5__17			0.125623		0.586667		0.588333
0.28_0.34_6.10e+00_7.32e-04_12.2__242			0.073313		0.811667		0.805000
0.28_0.34_6.10e+00_7.32e-04_1.0__29			0.124710		0.608333		0.638333
0.28_0.34_6.10e+00_7.32e-04_6.1__124			0.190188		0.516667		0.521667
0.28_0.34_6.10e+00_7.32e-04_12.7__254			0.080229		0.830000		0.846667
0.28_0.34_6.10e+00_7.32e-04_5.1__108			0.195278		0.376667		0.340000
0.28_0.34_6.10e+00_7.32e-04_5.1__102			0.142626		0.540000		0.530000
0.28_0.34_6.10e+00_7.32e-04_5.6__112			0.162097		0.441667		0.436667
0.28_0.34_6.10e+00_7.32e-04_6.1__127			0.145591		0.551667		0.541667
0.28_0.34_6.10e+00_7.32e-04_3.6__74			0.227398		0.345000		0.331667
0.28_0.34_6.10e+00_7.32e-04_11.2__220			0.075152		0.806667		0.803333
0.28_0.34_6.10e+00_7.32e-04_0.0__9			0.116176		0.686667		0.693333
0.28_0.34_6.10e+00_7.32e-04_11.2__229			0.084324		0.790000		0.753333
0.28_0.34_6.10e+00_7.32e-04_11.7__232			0.080990		0.808333		0.783333
0.28_0.34_6.10e+00_7.32e-04_0.5__16			0.137377		0.571667		0.593333
0.28_0.34_6.10e+00_7.32e-04_9.7__199			0.104131		0.750000		0.748333
0.28_0.34_6.10e+00_7.32e-04_3.1__67			0.142177		0.576667		0.563333
0.28_0.34_6.10e+00_7.32e-04_7.6__157			0.143879		0.583333		0.571667
0.28_0.34_6.10e+00_7.32e-04_9.7__195			0.109177		0.756667		0.731667
0.28_0.34_6.10e+00_7.32e-04_2.5__53			0.136240		0.561667		0.553333
0.28_0.34_6.10e+00_7.32e-04_3.1__61			0.167423		0.378333		0.341667
0.28_0.34_6.10e+00_7.32e-04_8.1__167			0.141205		0.588333		0.583333
0.28_0.34_6.10e+00_7.32e-04_1.5__35			0.169173		0.525000		0.553333
0.28_0.34_6.10e+00_7.32e-04_2.5__52			0.132418		0.586667		0.576667
0.28_0.34_6.10e+00_7.32e-04_3.6__71			0.167099		0.388333		0.358333
0.28_0.34_6.10e+00_7.32e-04_4.1__83			0.161127		0.468333		0.451667
0.28_0.34_6.10e+00_7.32e-04_3.1__68			0.137233		0.640000		0.611667
0.28_0.34_6.10e+00_7.32e-04_1.0__23			0.121810		0.575000		0.565000
0.28_0.34_6.10e+00_7.32e-04_17.3__340			0.024371		0.970000		0.958333
0.28_0.34_6.10e+00_7.32e-04_2.0__47			0.134620		0.531667		0.543333
0.28_0.34_6.10e+00_7.32e-04_16.3__324			0.034801		0.953333		0.953333
0.28_0.34_6.10e+00_7.32e-04_8.6__172			0.130946		0.688333		0.675000
0.28_0.34_6.10e+00_7.32e-04_3.6__75			0.172855		0.601667		0.620000
0.28_0.34_6.10e+00_7.32e-04_2.5__54			0.235503		0.345000		0.331667
0.28_0.34_6.10e+00_7.32e-04_0.5__19			0.128201		0.681667		0.685000
0.28_0.34_6.10e+00_7.32e-04_0.5__15			0.165501		0.508333		0.548333
0.28_0.34_6.10e+00_7.32e-04_5.1__104			0.253790		0.345000		0.331667
0.28_0.34_6.10e+00_7.32e-04_11.2__226			0.067232		0.800000		0.810000
0.28_0.34_6.10e+00_7.32e-04_1.0__28			0.135840		0.648333		0.628333
0.28_0.34_6.10e+00_7.32e-04_0.5__12			0.128035		0.680000		0.656667
0.28_0.34_6.10e+00_7.32e-04_0.5__18			0.131626		0.708333		0.670000
0.28_0.34_6.10e+00_7.32e-04_0.5__10			0.127161		0.578333		0.623333
0.28_0.34_6.10e+00_7.32e-04_0.5__11			0.129073		0.633333		0.625000
0.28_0.34_6.10e+00_7.32e-04_7.1__144			0.191980		0.511667		0.511667
0.28_0.34_6.10e+00_7.32e-04_10.2__200			0.085458		0.801667		0.798333
0.28_0.34_6.10e+00_7.32e-04_29.0__576			0.024671		0.965000		0.965000
0.28_0.34_6.10e+00_7.32e-04_2.5__58			0.135329		0.661667		0.628333
0.28_0.34_6.10e+00_7.32e-04_12.7__252			0.071252		0.826667		0.815000
0.28_0.34_6.10e+00_7.32e-04_1.5__34			0.174538		0.560000		0.555000
0.28_0.34_6.10e+00_7.32e-04_12.2__240			0.071375		0.816667		0.811667
0.28_0.34_6.10e+00_7.32e-04_6.6__136			0.132922		0.616667		0.616667
0.28_0.34_6.10e+00_7.32e-04_0.0__2			0.121609		0.705000		0.685000
0.28_0.34_6.10e+00_7.32e-04_5.6__115			0.150558		0.540000		0.556667
0.28_0.34_6.10e+00_7.32e-04_4.6__96			0.180540		0.433333		0.433333
0.28_0.34_6.10e+00_7.32e-04_0.0__7			0.120708		0.648333		0.643333
0.28_0.34_6.10e+00_7.32e-04_4.6__97			0.167302		0.466667		0.433333
0.28_0.34_6.10e+00_7.32e-04_1.5__30			0.139554		0.573333		0.616667
0.28_0.34_6.10e+00_7.32e-04_6.6__133			0.137123		0.566667		0.556667
0.28_0.34_6.10e+00_7.32e-04_1.0__27			0.132938		0.556667		0.553333
0.28_0.34_6.10e+00_7.32e-04_0.0__4			0.152868		0.566667		0.588333
0.28_0.34_6.10e+00_7.32e-04_4.1__82			0.154819		0.516667		0.520000
0.28_0.34_6.10e+00_7.32e-04_2.0__48			0.138943		0.631667		0.601667
0.28_0.34_6.10e+00_7.32e-04_2.0__44			0.180549		0.563333		0.558333
0.28_0.34_6.10e+00_7.32e-04_20.3__400			0.017707		0.978333		0.968333
0.28_0.34_6.10e+00_7.32e-04_7.6__152			0.132117		0.678333		0.665000
0.28_0.34_6.10e+00_7.32e-04_1.5__33			0.119546		0.568333		0.555000
0.28_0.34_6.10e+00_7.32e-04_0.0__6			0.142932		0.555000		0.571667
0.28_0.34_6.10e+00_7.32e-04_2.0__46			0.152645		0.585000		0.608333
0.28_0.34_6.10e+00_7.32e-04_20.3__402			0.033508		0.955000		0.970000
0.28_0.34_6.10e+00_7.32e-04_4.1__88			0.189355		0.398333		0.368333
0.28_0.34_6.10e+00_7.32e-04_14.2__289			0.066113		0.856667		0.843333
0.28_0.34_6.10e+00_7.32e-04_8.6__174			0.170796		0.538333		0.536667
0.28_0.34_6.10e+00_7.32e-04_0.0__5			0.141355		0.653333		0.705000
0.28_0.34_6.10e+00_7.32e-04_0.0__0			0.126424		0.598333		0.626667
0.28_0.34_6.10e+00_7.32e-04_0.5__13			0.122214		0.573333		0.565000
0.28_0.34_6.10e+00_7.32e-04_8.1__164			0.189147		0.526667		0.530000
0.28_0.34_6.10e+00_7.32e-04_1.5__37			0.135305		0.580000		0.575000
0.28_0.34_6.10e+00_7.32e-04_8.1__161			0.135308		0.606667		0.600000
0.28_0.34_6.10e+00_7.32e-04_3.1__64			0.198584		0.471667		0.453333
0.28_0.34_6.10e+00_7.32e-04_18.3__362			0.041870		0.945000		0.955000
0.28_0.34_6.10e+00_7.32e-04_4.6__90			0.196529		0.326667		0.356667
0.28_0.34_6.10e+00_7.32e-04_3.6__79			0.134262		0.651667		0.685000
0.28_0.34_6.10e+00_7.32e-04_2.5__50			0.190452		0.343333		0.373333
0.28_0.34_6.10e+00_7.32e-04_2.0__49			0.131578		0.660000		0.668333
0.28_0.34_6.10e+00_7.32e-04_4.6__99			0.149076		0.541667		0.548333
0.28_0.34_6.10e+00_7.32e-04_1.5__32			0.130494		0.646667		0.628333
0.28_0.34_6.10e+00_7.32e-04_1.0__20			0.143069		0.575000		0.613333
0.28_0.34_6.10e+00_7.32e-04_0.0__3			0.114214		0.575000		0.576667
0.28_0.34_6.10e+00_7.32e-04_17.8__351			0.020786		0.951667		0.961667
0.28_0.34_6.10e+00_7.32e-04_11.2__225			0.100002		0.796667		0.776667
0.28_0.34_6.10e+00_7.32e-04_5.1__106			0.175613		0.610000		0.616667
0.28_0.34_6.10e+00_7.32e-04_0.5__14			0.158808		0.578333		0.586667
0.28_0.34_6.10e+00_7.32e-04_9.7__196			0.108166		0.603333		0.606667
0.28_0.34_6.10e+00_7.32e-04_1.0__25			0.169005		0.491667		0.530000
0.28_0.34_6.10e+00_7.32e-04_2.5__51			0.138530		0.533333		0.535000
0.28_0.34_6.10e+00_7.32e-04_2.0__42			0.131389		0.638333		0.623333
0.28_0.34_6.10e+00_7.32e-04_5.1__109			0.176953		0.440000		0.446667
0.28_0.34_6.10e+00_7.32e-04_15.8__319			0.051191		0.911667		0.910000
0.28_0.34_6.10e+00_7.32e-04_4.6__91			0.165323		0.376667		0.355000
0.28_0.34_6.10e+00_7.32e-04_16.3__327			0.029906		0.970000		0.971667
0.28_0.34_6.10e+00_7.32e-04_5.6__111			0.173222		0.356667		0.325000
0.28_0.34_6.10e+00_7.32e-04_7.6__151			0.135227		0.621667		0.581667
