id			last val		val acc		test acc
0.28_0.34_6.10e+00_7.32e-04_28.5__567			0.126803		0.685000		0.725000
0.28_0.34_6.10e+00_7.32e-04_26.4__523			0.128685		0.758333		0.735000
0.28_0.34_6.10e+00_7.32e-04_28.5__564			0.136786		0.550000		0.551667
0.28_0.34_6.10e+00_7.32e-04_29.5__586			0.119478		0.681667		0.661667
0.28_0.34_6.10e+00_7.32e-04_28.0__557			0.128085		0.683333		0.723333
0.28_0.34_6.10e+00_7.32e-04_29.0__579			0.120743		0.746667		0.730000
0.28_0.34_6.10e+00_7.32e-04_25.9__515			0.164735		0.385000		0.396667
0.28_0.34_6.10e+00_7.32e-04_28.0__555			0.142480		0.595000		0.615000
0.28_0.34_6.10e+00_7.32e-04_30.0__591			0.114851		0.708333		0.708333
0.28_0.34_6.10e+00_7.32e-04_28.5__566			0.124019		0.675000		0.643333
0.28_0.34_6.10e+00_7.32e-04_25.4__500			0.130595		0.551667		0.583333
0.28_0.34_6.10e+00_7.32e-04_27.5__548			0.113002		0.720000		0.691667
0.28_0.34_6.10e+00_7.32e-04_25.4__507			0.155354		0.626667		0.643333
0.28_0.34_6.10e+00_7.32e-04_29.5__581			0.115397		0.703333		0.706667
0.28_0.34_6.10e+00_7.32e-04_25.9__517			0.150460		0.615000		0.665000
0.28_0.34_6.10e+00_7.32e-04_23.9__475			0.169614		0.366667		0.396667
0.28_0.34_6.10e+00_7.32e-04_25.4__501			0.153092		0.668333		0.663333
0.28_0.34_6.10e+00_7.32e-04_25.4__508			0.148524		0.586667		0.565000
0.28_0.34_6.10e+00_7.32e-04_22.9__459			0.164341		0.523333		0.555000
0.28_0.34_6.10e+00_7.32e-04_23.4__461			0.163644		0.510000		0.556667
0.28_0.34_6.10e+00_7.32e-04_26.9__530			0.125672		0.683333		0.715000
0.28_0.34_6.10e+00_7.32e-04_20.8__417			0.166985		0.546667		0.593333
0.28_0.34_6.10e+00_7.32e-04_23.4__466			0.162517		0.553333		0.568333
0.28_0.34_6.10e+00_7.32e-04_19.8__390			0.175402		0.445000		0.475000
0.28_0.34_6.10e+00_7.32e-04_26.4__527			0.148131		0.658333		0.698333
0.28_0.34_6.10e+00_7.32e-04_24.9__492			0.156048		0.583333		0.555000
0.28_0.34_6.10e+00_7.32e-04_15.3__309			0.141250		0.598333		0.610000
0.28_0.34_6.10e+00_7.32e-04_29.0__570			0.117753		0.693333		0.723333
0.28_0.34_6.10e+00_7.32e-04_26.4__524			0.173529		0.451667		0.440000
0.28_0.34_6.10e+00_7.32e-04_20.8__416			0.167658		0.596667		0.613333
0.28_0.34_6.10e+00_7.32e-04_27.5__546			0.126561		0.591667		0.611667
0.28_0.34_6.10e+00_7.32e-04_22.9__453			0.175828		0.333333		0.333333
0.28_0.34_6.10e+00_7.32e-04_29.5__583			0.114334		0.761667		0.745000
0.28_0.34_6.10e+00_7.32e-04_29.0__576			0.120527		0.671667		0.648333
0.28_0.34_6.10e+00_7.32e-04_26.9__535			0.146208		0.576667		0.595000
0.28_0.34_6.10e+00_7.32e-04_17.3__340			0.151863		0.565000		0.633333
0.28_0.34_6.10e+00_7.32e-04_22.9__456			0.168071		0.565000		0.588333
0.28_0.34_6.10e+00_7.32e-04_23.9__474			0.194343		0.361667		0.341667
0.28_0.34_6.10e+00_7.32e-04_20.3__407			0.173274		0.416667		0.385000
0.28_0.34_6.10e+00_7.32e-04_20.3__403			0.175086		0.336667		0.336667
0.28_0.34_6.10e+00_7.32e-04_24.9__494			0.188275		0.400000		0.396667
0.28_0.34_6.10e+00_7.32e-04_24.9__493			0.151481		0.476667		0.463333
0.28_0.34_6.10e+00_7.32e-04_22.9__455			0.175716		0.356667		0.388333
0.28_0.34_6.10e+00_7.32e-04_29.0__573			0.118304		0.728333		0.721667
0.28_0.34_6.10e+00_7.32e-04_24.9__497			0.154888		0.606667		0.633333
0.28_0.34_6.10e+00_7.32e-04_28.0__559			0.124866		0.731667		0.723333
0.28_0.34_6.10e+00_7.32e-04_26.4__528			0.135531		0.658333		0.630000
0.28_0.34_6.10e+00_7.32e-04_27.5__543			0.117689		0.765000		0.741667
0.28_0.34_6.10e+00_7.32e-04_30.0__596			0.116442		0.680000		0.658333
0.28_0.34_6.10e+00_7.32e-04_15.3__306			0.141775		0.561667		0.585000
0.28_0.34_6.10e+00_7.32e-04_22.9__451			0.159860		0.546667		0.590000
0.28_0.34_6.10e+00_7.32e-04_15.8__313			0.137965		0.578333		0.568333
0.28_0.34_6.10e+00_7.32e-04_22.9__450			0.166678		0.500000		0.523333
0.28_0.34_6.10e+00_7.32e-04_21.9__436			0.167013		0.570000		0.591667
0.28_0.34_6.10e+00_7.32e-04_28.0__558			0.112929		0.721667		0.678333
0.28_0.34_6.10e+00_7.32e-04_14.2__280			0.127581		0.596667		0.635000
0.28_0.34_6.10e+00_7.32e-04_15.8__310			0.130610		0.591667		0.636667
0.28_0.34_6.10e+00_7.32e-04_18.8__371			0.160403		0.570000		0.615000
0.28_0.34_6.10e+00_7.32e-04_22.4__446			0.167084		0.563333		0.570000
0.28_0.34_6.10e+00_7.32e-04_16.3__323			0.137514		0.576667		0.566667
0.28_0.34_6.10e+00_7.32e-04_10.7__213			0.126191		0.585000		0.570000
0.28_0.34_6.10e+00_7.32e-04_29.5__585			0.140923		0.610000		0.623333
0.28_0.34_6.10e+00_7.32e-04_28.5__563			0.116704		0.751667		0.736667
0.28_0.34_6.10e+00_7.32e-04_7.6__159			0.137217		0.610000		0.620000
0.28_0.34_6.10e+00_7.32e-04_30.0__590			0.117589		0.625000		0.623333
0.28_0.34_6.10e+00_7.32e-04_14.7__298			0.143135		0.601667		0.560000
0.28_0.34_6.10e+00_7.32e-04_19.3__387			0.173089		0.501667		0.475000
0.28_0.34_6.10e+00_7.32e-04_9.7__193			0.125130		0.588333		0.568333
0.28_0.34_6.10e+00_7.32e-04_5.6__116			0.130241		0.566667		0.585000
0.28_0.34_6.10e+00_7.32e-04_8.6__174			0.155325		0.568333		0.595000
0.28_0.34_6.10e+00_7.32e-04_23.9__470			0.149680		0.545000		0.570000
0.28_0.34_6.10e+00_7.32e-04_23.9__473			0.169927		0.413333		0.410000
0.28_0.34_6.10e+00_7.32e-04_8.1__168			0.131282		0.668333		0.636667
0.28_0.34_6.10e+00_7.32e-04_29.0__575			0.141116		0.606667		0.613333
0.28_0.34_6.10e+00_7.32e-04_19.3__382			0.153875		0.498333		0.523333
0.28_0.34_6.10e+00_7.32e-04_17.3__345			0.179814		0.326667		0.350000
0.28_0.34_6.10e+00_7.32e-04_24.9__499			0.161713		0.556667		0.576667
0.28_0.34_6.10e+00_7.32e-04_20.3__405			0.175595		0.328333		0.350000
0.28_0.34_6.10e+00_7.32e-04_20.3__406			0.166506		0.551667		0.578333
0.28_0.34_6.10e+00_7.32e-04_7.6__158			0.131467		0.693333		0.651667
0.28_0.34_6.10e+00_7.32e-04_11.2__225			0.153986		0.580000		0.600000
0.28_0.34_6.10e+00_7.32e-04_18.3__369			0.155114		0.581667		0.616667
0.28_0.34_6.10e+00_7.32e-04_22.4__440			0.171431		0.441667		0.458333
0.28_0.34_6.10e+00_7.32e-04_17.3__348			0.149852		0.576667		0.553333
0.28_0.34_6.10e+00_7.32e-04_18.3__366			0.164964		0.566667		0.590000
0.28_0.34_6.10e+00_7.32e-04_11.7__237			0.133656		0.550000		0.548333
0.28_0.34_6.10e+00_7.32e-04_16.3__322			0.146717		0.533333		0.540000
0.28_0.34_6.10e+00_7.32e-04_26.4__521			0.144731		0.710000		0.708333
0.28_0.34_6.10e+00_7.32e-04_12.2__249			0.140596		0.603333		0.618333
0.28_0.34_6.10e+00_7.32e-04_16.8__335			0.182451		0.326667		0.350000
0.28_0.34_6.10e+00_7.32e-04_14.7__293			0.134661		0.576667		0.570000
0.28_0.34_6.10e+00_7.32e-04_28.0__554			0.144584		0.526667		0.520000
0.28_0.34_6.10e+00_7.32e-04_0.5__15			0.149603		0.641667		0.690000
0.28_0.34_6.10e+00_7.32e-04_18.3__361			0.166503		0.563333		0.581667
0.28_0.34_6.10e+00_7.32e-04_11.7__233			0.127265		0.588333		0.565000
0.28_0.34_6.10e+00_7.32e-04_28.0__553			0.117293		0.753333		0.713333
0.28_0.34_6.10e+00_7.32e-04_22.4__441			0.165050		0.613333		0.633333
0.28_0.34_6.10e+00_7.32e-04_25.9__518			0.151222		0.585000		0.560000
0.28_0.34_6.10e+00_7.32e-04_24.4__480			0.164014		0.476667		0.500000
0.28_0.34_6.10e+00_7.32e-04_24.9__490			0.155651		0.530000		0.568333
0.28_0.34_6.10e+00_7.32e-04_28.5__568			0.110453		0.730000		0.706667
0.28_0.34_6.10e+00_7.32e-04_17.3__347			0.167634		0.556667		0.556667
0.28_0.34_6.10e+00_7.32e-04_18.8__378			0.178254		0.298333		0.328333
0.28_0.34_6.10e+00_7.32e-04_9.2__184			0.154844		0.566667		0.593333
0.28_0.34_6.10e+00_7.32e-04_12.7__256			0.131000		0.571667		0.593333
0.28_0.34_6.10e+00_7.32e-04_22.4__445			0.177645		0.353333		0.381667
0.28_0.34_6.10e+00_7.32e-04_16.3__320			0.149660		0.596667		0.648333
0.28_0.34_6.10e+00_7.32e-04_16.3__325			0.178445		0.326667		0.350000
0.28_0.34_6.10e+00_7.32e-04_14.7__291			0.148123		0.546667		0.596667
0.28_0.34_6.10e+00_7.32e-04_13.2__267			0.143644		0.571667		0.575000
0.28_0.34_6.10e+00_7.32e-04_10.2__200			0.124181		0.595000		0.633333
0.28_0.34_6.10e+00_7.32e-04_29.5__580			0.118233		0.636667		0.631667
0.28_0.34_6.10e+00_7.32e-04_29.5__582			0.119545		0.721667		0.680000
0.28_0.34_6.10e+00_7.32e-04_23.9__472			0.150335		0.491667		0.496667
0.28_0.34_6.10e+00_7.32e-04_26.9__533			0.123247		0.776667		0.753333
0.28_0.34_6.10e+00_7.32e-04_6.6__136			0.127953		0.568333		0.585000
0.28_0.34_6.10e+00_7.32e-04_24.4__484			0.194753		0.385000		0.373333
0.28_0.34_6.10e+00_7.32e-04_9.2__188			0.131283		0.671667		0.638333
0.28_0.34_6.10e+00_7.32e-04_30.0__599			0.117728		0.715000		0.718333
0.28_0.34_6.10e+00_7.32e-04_17.3__341			0.155534		0.558333		0.603333
0.28_0.34_6.10e+00_7.32e-04_21.4__424			0.206609		0.345000		0.331667
0.28_0.34_6.10e+00_7.32e-04_12.7__254			0.156515		0.576667		0.598333
0.28_0.34_6.10e+00_7.32e-04_12.2__245			0.155635		0.563333		0.591667
0.28_0.34_6.10e+00_7.32e-04_15.8__319			0.142578		0.583333		0.586667
0.28_0.34_6.10e+00_7.32e-04_9.7__194			0.156293		0.570000		0.596667
0.28_0.34_6.10e+00_7.32e-04_23.4__463			0.172251		0.396667		0.385000
0.28_0.34_6.10e+00_7.32e-04_0.5__10			0.119203		0.580000		0.625000
0.28_0.34_6.10e+00_7.32e-04_21.4__422			0.158667		0.511667		0.531667
0.28_0.34_6.10e+00_7.32e-04_15.3__303			0.135539		0.578333		0.570000
0.28_0.34_6.10e+00_7.32e-04_19.8__393			0.166156		0.491667		0.473333
0.28_0.34_6.10e+00_7.32e-04_1.0__27			0.126979		0.606667		0.610000
0.28_0.34_6.10e+00_7.32e-04_25.9__513			0.127913		0.693333		0.670000
0.28_0.34_6.10e+00_7.32e-04_3.6__70			0.121278		0.585000		0.623333
0.28_0.34_6.10e+00_7.32e-04_2.5__52			0.131332		0.586667		0.570000
0.28_0.34_6.10e+00_7.32e-04_21.9__437			0.165513		0.458333		0.443333
0.28_0.34_6.10e+00_7.32e-04_10.2__202			0.135907		0.588333		0.566667
0.28_0.34_6.10e+00_7.32e-04_7.1__145			0.155170		0.580000		0.631667
0.28_0.34_6.10e+00_7.32e-04_21.4__427			0.167111		0.530000		0.576667
0.28_0.34_6.10e+00_7.32e-04_1.5__35			0.151473		0.635000		0.680000
0.28_0.34_6.10e+00_7.32e-04_14.2__284			0.159720		0.581667		0.591667
0.28_0.34_6.10e+00_7.32e-04_28.0__556			0.123854		0.655000		0.638333
0.28_0.34_6.10e+00_7.32e-04_8.1__161			0.136045		0.546667		0.610000
0.28_0.34_6.10e+00_7.32e-04_21.4__429			0.167503		0.515000		0.540000
0.28_0.34_6.10e+00_7.32e-04_5.1__104			0.153757		0.558333		0.595000
0.28_0.34_6.10e+00_7.32e-04_21.4__421			0.162564		0.576667		0.611667
0.28_0.34_6.10e+00_7.32e-04_13.7__276			0.140014		0.560000		0.571667
0.28_0.34_6.10e+00_7.32e-04_7.1__147			0.130564		0.558333		0.550000
0.28_0.34_6.10e+00_7.32e-04_19.8__396			0.166564		0.571667		0.596667
0.28_0.34_6.10e+00_7.32e-04_23.4__462			0.153942		0.481667		0.491667
0.28_0.34_6.10e+00_7.32e-04_28.0__552			0.127948		0.773333		0.755000
0.28_0.34_6.10e+00_7.32e-04_12.2__241			0.136631		0.545000		0.611667
0.28_0.34_6.10e+00_7.32e-04_26.9__532			0.148049		0.688333		0.678333
0.28_0.34_6.10e+00_7.32e-04_2.5__58			0.129590		0.696667		0.653333
0.28_0.34_6.10e+00_7.32e-04_12.7__251			0.137508		0.546667		0.605000
0.28_0.34_6.10e+00_7.32e-04_0.0__4			0.150333		0.558333		0.595000
0.28_0.34_6.10e+00_7.32e-04_18.3__360			0.164917		0.598333		0.641667
0.28_0.34_6.10e+00_7.32e-04_6.1__120			0.121792		0.595000		0.626667
0.28_0.34_6.10e+00_7.32e-04_24.9__498			0.165322		0.501667		0.483333
0.28_0.34_6.10e+00_7.32e-04_8.1__164			0.154105		0.556667		0.590000
0.28_0.34_6.10e+00_7.32e-04_7.1__141			0.135673		0.551667		0.605000
0.28_0.34_6.10e+00_7.32e-04_16.3__321			0.153779		0.576667		0.613333
0.28_0.34_6.10e+00_7.32e-04_2.5__57			0.127833		0.588333		0.590000
0.28_0.34_6.10e+00_7.32e-04_25.9__519			0.144642		0.633333		0.638333
0.28_0.34_6.10e+00_7.32e-04_15.8__316			0.144148		0.561667		0.581667
0.28_0.34_6.10e+00_7.32e-04_19.3__386			0.161500		0.581667		0.610000
0.28_0.34_6.10e+00_7.32e-04_19.8__394			0.208959		0.345000		0.331667
0.28_0.34_6.10e+00_7.32e-04_5.1__100			0.121328		0.588333		0.625000
0.28_0.34_6.10e+00_7.32e-04_14.2__287			0.145737		0.580000		0.585000
0.28_0.34_6.10e+00_7.32e-04_9.2__186			0.132685		0.558333		0.570000
0.28_0.34_6.10e+00_7.32e-04_5.1__107			0.130390		0.560000		0.551667
0.28_0.34_6.10e+00_7.32e-04_18.8__376			0.166244		0.565000		0.590000
0.28_0.34_6.10e+00_7.32e-04_6.6__135			0.155496		0.581667		0.628333
0.28_0.34_6.10e+00_7.32e-04_0.5__14			0.148434		0.561667		0.595000
0.28_0.34_6.10e+00_7.32e-04_3.1__66			0.130894		0.560000		0.578333
0.28_0.34_6.10e+00_7.32e-04_12.2__247			0.137379		0.563333		0.560000
0.28_0.34_6.10e+00_7.32e-04_6.1__124			0.152351		0.560000		0.595000
0.28_0.34_6.10e+00_7.32e-04_21.4__425			0.176760		0.353333		0.380000
0.28_0.34_6.10e+00_7.32e-04_11.2__223			0.125267		0.583333		0.570000
0.28_0.34_6.10e+00_7.32e-04_26.4__522			0.142426		0.695000		0.666667
0.28_0.34_6.10e+00_7.32e-04_15.8__318			0.146059		0.560000		0.528333
0.28_0.34_6.10e+00_7.32e-04_16.8__332			0.150834		0.518333		0.530000
0.28_0.34_6.10e+00_7.32e-04_27.5__540			0.121525		0.690000		0.728333
0.28_0.34_6.10e+00_7.32e-04_29.0__572			0.118828		0.738333		0.731667
0.28_0.34_6.10e+00_7.32e-04_3.6__73			0.120149		0.586667		0.566667
0.28_0.34_6.10e+00_7.32e-04_3.1__64			0.152692		0.560000		0.595000
0.28_0.34_6.10e+00_7.32e-04_24.4__481			0.162153		0.701667		0.700000
0.28_0.34_6.10e+00_7.32e-04_18.8__373			0.147856		0.545000		0.531667
0.28_0.34_6.10e+00_7.32e-04_7.6__154			0.152155		0.563333		0.596667
0.28_0.34_6.10e+00_7.32e-04_28.0__551			0.118939		0.698333		0.701667
0.28_0.34_6.10e+00_7.32e-04_22.4__447			0.165455		0.478333		0.458333
0.28_0.34_6.10e+00_7.32e-04_24.9__495			0.167807		0.371667		0.401667
0.28_0.34_6.10e+00_7.32e-04_11.7__232			0.137954		0.591667		0.573333
0.28_0.34_6.10e+00_7.32e-04_1.5__33			0.118833		0.595000		0.570000
0.28_0.34_6.10e+00_7.32e-04_18.3__368			0.175738		0.298333		0.328333
0.28_0.34_6.10e+00_7.32e-04_11.7__239			0.139646		0.605000		0.618333
0.28_0.34_6.10e+00_7.32e-04_17.8__357			0.172349		0.513333		0.500000
0.28_0.34_6.10e+00_7.32e-04_20.8__414			0.206478		0.360000		0.345000
0.28_0.34_6.10e+00_7.32e-04_30.0__595			0.139368		0.611667		0.638333
0.28_0.34_6.10e+00_7.32e-04_19.3__385			0.176642		0.326667		0.350000
0.28_0.34_6.10e+00_7.32e-04_2.0__48			0.129013		0.691667		0.648333
0.28_0.34_6.10e+00_7.32e-04_8.1__163			0.124628		0.588333		0.568333
0.28_0.34_6.10e+00_7.32e-04_17.3__343			0.145578		0.563333		0.541667
0.28_0.34_6.10e+00_7.32e-04_19.8__397			0.172068		0.465000		0.435000
0.28_0.34_6.10e+00_7.32e-04_24.4__489			0.165054		0.570000		0.571667
0.28_0.34_6.10e+00_7.32e-04_23.9__478			0.162884		0.525000		0.503333
0.28_0.34_6.10e+00_7.32e-04_19.3__381			0.164885		0.553333		0.586667
0.28_0.34_6.10e+00_7.32e-04_5.1__103			0.122415		0.590000		0.568333
0.28_0.34_6.10e+00_7.32e-04_17.3__349			0.148049		0.586667		0.605000
0.28_0.34_6.10e+00_7.32e-04_24.4__482			0.150967		0.516667		0.503333
0.28_0.34_6.10e+00_7.32e-04_21.9__434			0.200192		0.345000		0.331667
0.28_0.34_6.10e+00_7.32e-04_18.8__379			0.151669		0.570000		0.610000
0.28_0.34_6.10e+00_7.32e-04_26.9__531			0.133057		0.668333		0.676667
0.28_0.34_6.10e+00_7.32e-04_18.8__370			0.171586		0.545000		0.575000
0.28_0.34_6.10e+00_7.32e-04_7.1__140			0.123019		0.591667		0.625000
0.28_0.34_6.10e+00_7.32e-04_2.5__53			0.120311		0.586667		0.566667
0.28_0.34_6.10e+00_7.32e-04_15.3__302			0.149084		0.543333		0.530000
0.28_0.34_6.10e+00_7.32e-04_28.5__561			0.117105		0.676667		0.678333
0.28_0.34_6.10e+00_7.32e-04_2.5__59			0.133811		0.606667		0.615000
0.28_0.34_6.10e+00_7.32e-04_12.2__246			0.129825		0.578333		0.598333
0.28_0.34_6.10e+00_7.32e-04_22.9__454			0.209783		0.345000		0.331667
0.28_0.34_6.10e+00_7.32e-04_9.7__199			0.140040		0.608333		0.615000
0.28_0.34_6.10e+00_7.32e-04_9.2__183			0.124672		0.590000		0.565000
0.28_0.34_6.10e+00_7.32e-04_4.1__86			0.130087		0.563333		0.580000
0.28_0.34_6.10e+00_7.32e-04_27.5__544			0.151529		0.510000		0.505000
0.28_0.34_6.10e+00_7.32e-04_22.4__449			0.163616		0.533333		0.565000
0.28_0.34_6.10e+00_7.32e-04_27.5__547			0.136748		0.641667		0.685000
0.28_0.34_6.10e+00_7.32e-04_24.4__488			0.166977		0.545000		0.523333
0.28_0.34_6.10e+00_7.32e-04_16.8__330			0.169433		0.566667		0.603333
0.28_0.34_6.10e+00_7.32e-04_11.7__235			0.155161		0.540000		0.581667
0.28_0.34_6.10e+00_7.32e-04_16.8__337			0.160511		0.556667		0.553333
0.28_0.34_6.10e+00_7.32e-04_11.2__227			0.133521		0.545000		0.550000
0.28_0.34_6.10e+00_7.32e-04_30.0__592			0.117537		0.725000		0.701667
0.28_0.34_6.10e+00_7.32e-04_11.7__231			0.136808		0.541667		0.595000
0.28_0.34_6.10e+00_7.32e-04_12.2__248			0.135530		0.641667		0.616667
0.28_0.34_6.10e+00_7.32e-04_3.6__77			0.129176		0.581667		0.585000
0.28_0.34_6.10e+00_7.32e-04_16.3__324			0.183069		0.473333		0.453333
0.28_0.34_6.10e+00_7.32e-04_11.2__228			0.132292		0.658333		0.628333
0.28_0.34_6.10e+00_7.32e-04_30.0__597			0.123558		0.670000		0.700000
0.28_0.34_6.10e+00_7.32e-04_12.2__243			0.126696		0.588333		0.566667
0.28_0.34_6.10e+00_7.32e-04_0.0__7			0.127130		0.606667		0.601667
0.28_0.34_6.10e+00_7.32e-04_11.2__229			0.139116		0.608333		0.616667
0.28_0.34_6.10e+00_7.32e-04_19.8__392			0.153065		0.536667		0.543333
0.28_0.34_6.10e+00_7.32e-04_17.3__346			0.151192		0.558333		0.581667
0.28_0.34_6.10e+00_7.32e-04_12.7__255			0.155642		0.545000		0.573333
0.28_0.34_6.10e+00_7.32e-04_10.7__217			0.132895		0.548333		0.551667
0.28_0.34_6.10e+00_7.32e-04_8.6__175			0.154966		0.593333		0.635000
0.28_0.34_6.10e+00_7.32e-04_11.7__234			0.156265		0.568333		0.595000
0.28_0.34_6.10e+00_7.32e-04_1.5__38			0.127727		0.698333		0.660000
0.28_0.34_6.10e+00_7.32e-04_9.2__181			0.136060		0.543333		0.610000
0.28_0.34_6.10e+00_7.32e-04_13.7__277			0.147004		0.573333		0.575000
0.28_0.34_6.10e+00_7.32e-04_25.4__504			0.188514		0.395000		0.390000
0.28_0.34_6.10e+00_7.32e-04_4.1__80			0.121650		0.590000		0.625000
0.28_0.34_6.10e+00_7.32e-04_17.8__356			0.165273		0.576667		0.595000
0.28_0.34_6.10e+00_7.32e-04_14.7__295			0.165657		0.451667		0.465000
0.28_0.34_6.10e+00_7.32e-04_28.5__560			0.119116		0.675000		0.701667
0.28_0.34_6.10e+00_7.32e-04_9.7__197			0.131519		0.555000		0.551667
0.28_0.34_6.10e+00_7.32e-04_17.8__353			0.142396		0.568333		0.550000
0.28_0.34_6.10e+00_7.32e-04_7.6__155			0.154608		0.590000		0.630000
0.28_0.34_6.10e+00_7.32e-04_15.8__314			0.175994		0.510000		0.510000
0.28_0.34_6.10e+00_7.32e-04_20.3__408			0.172636		0.435000		0.438333
0.28_0.34_6.10e+00_7.32e-04_20.8__415			0.174758		0.356667		0.378333
0.28_0.34_6.10e+00_7.32e-04_15.3__301			0.141903		0.568333		0.608333
0.28_0.34_6.10e+00_7.32e-04_9.7__190			0.123912		0.593333		0.628333
0.28_0.34_6.10e+00_7.32e-04_21.4__428			0.169699		0.480000		0.460000
0.28_0.34_6.10e+00_7.32e-04_3.6__79			0.135997		0.601667		0.613333
0.28_0.34_6.10e+00_7.32e-04_14.2__288			0.138559		0.616667		0.575000
0.28_0.34_6.10e+00_7.32e-04_10.7__219			0.138471		0.606667		0.618333
0.28_0.34_6.10e+00_7.32e-04_17.8__351			0.152809		0.566667		0.606667
0.28_0.34_6.10e+00_7.32e-04_7.1__148			0.130671		0.685000		0.645000
0.28_0.34_6.10e+00_7.32e-04_26.9__534			0.158103		0.496667		0.488333
0.28_0.34_6.10e+00_7.32e-04_20.3__409			0.168220		0.510000		0.533333
0.28_0.34_6.10e+00_7.32e-04_6.1__128			0.131998		0.673333		0.625000
0.28_0.34_6.10e+00_7.32e-04_6.6__139			0.137463		0.606667		0.618333
0.28_0.34_6.10e+00_7.32e-04_10.2__207			0.131669		0.553333		0.555000
0.28_0.34_6.10e+00_7.32e-04_9.2__187			0.131281		0.548333		0.551667
0.28_0.34_6.10e+00_7.32e-04_4.6__96			0.130900		0.560000		0.576667
0.28_0.34_6.10e+00_7.32e-04_10.7__215			0.157071		0.550000		0.590000
0.28_0.34_6.10e+00_7.32e-04_18.3__367			0.167568		0.478333		0.443333
0.28_0.34_6.10e+00_7.32e-04_29.0__571			0.115851		0.708333		0.713333
0.28_0.34_6.10e+00_7.32e-04_19.3__384			0.206605		0.345000		0.331667
0.28_0.34_6.10e+00_7.32e-04_16.8__338			0.147879		0.536667		0.513333
0.28_0.34_6.10e+00_7.32e-04_13.2__266			0.134645		0.573333		0.585000
0.28_0.34_6.10e+00_7.32e-04_1.0__21			0.129676		0.625000		0.655000
0.28_0.34_6.10e+00_7.32e-04_24.4__486			0.153607		0.551667		0.573333
0.28_0.34_6.10e+00_7.32e-04_20.8__413			0.170623		0.435000		0.416667
0.28_0.34_6.10e+00_7.32e-04_1.0__20			0.118937		0.585000		0.625000
0.28_0.34_6.10e+00_7.32e-04_22.4__442			0.157397		0.505000		0.533333
0.28_0.34_6.10e+00_7.32e-04_7.1__144			0.154465		0.566667		0.595000
0.28_0.34_6.10e+00_7.32e-04_11.2__220			0.124666		0.596667		0.636667
0.28_0.34_6.10e+00_7.32e-04_0.5__19			0.132421		0.613333		0.628333
0.28_0.34_6.10e+00_7.32e-04_24.4__485			0.170852		0.366667		0.393333
0.28_0.34_6.10e+00_7.32e-04_0.5__17			0.126607		0.608333		0.611667
0.28_0.34_6.10e+00_7.32e-04_5.1__108			0.131509		0.671667		0.628333
0.28_0.34_6.10e+00_7.32e-04_20.3__402			0.151017		0.493333		0.518333
0.28_0.34_6.10e+00_7.32e-04_0.5__18			0.128268		0.698333		0.653333
0.28_0.34_6.10e+00_7.32e-04_7.1__146			0.128968		0.566667		0.580000
0.28_0.34_6.10e+00_7.32e-04_25.9__511			0.149626		0.653333		0.668333
0.28_0.34_6.10e+00_7.32e-04_22.4__448			0.178274		0.298333		0.328333
0.28_0.34_6.10e+00_7.32e-04_15.3__307			0.156684		0.571667		0.566667
0.28_0.34_6.10e+00_7.32e-04_12.2__244			0.156581		0.575000		0.598333
0.28_0.34_6.10e+00_7.32e-04_22.9__452			0.155795		0.478333		0.501667
0.28_0.34_6.10e+00_7.32e-04_25.9__516			0.141367		0.558333		0.570000
0.28_0.34_6.10e+00_7.32e-04_20.8__410			0.169599		0.548333		0.565000
0.28_0.34_6.10e+00_7.32e-04_28.5__565			0.141952		0.598333		0.613333
0.28_0.34_6.10e+00_7.32e-04_10.2__204			0.157137		0.573333		0.591667
0.28_0.34_6.10e+00_7.32e-04_12.7__250			0.124185		0.596667		0.635000
0.28_0.34_6.10e+00_7.32e-04_20.3__401			0.164917		0.556667		0.606667
0.28_0.34_6.10e+00_7.32e-04_12.7__257			0.140652		0.571667		0.575000
0.28_0.34_6.10e+00_7.32e-04_12.7__258			0.135408		0.658333		0.616667
0.28_0.34_6.10e+00_7.32e-04_6.6__132			0.135420		0.586667		0.570000
0.28_0.34_6.10e+00_7.32e-04_21.9__430			0.172465		0.425000		0.451667
0.28_0.34_6.10e+00_7.32e-04_3.1__61			0.132930		0.606667		0.633333
0.28_0.34_6.10e+00_7.32e-04_4.1__81			0.133399		0.608333		0.638333
0.28_0.34_6.10e+00_7.32e-04_13.7__272			0.138073		0.596667		0.568333
0.28_0.34_6.10e+00_7.32e-04_5.1__102			0.133695		0.586667		0.571667
0.28_0.34_6.10e+00_7.32e-04_3.1__62			0.132910		0.586667		0.573333
0.28_0.34_6.10e+00_7.32e-04_4.1__84			0.152735		0.558333		0.595000
0.28_0.34_6.10e+00_7.32e-04_0.5__16			0.129043		0.560000		0.578333
0.28_0.34_6.10e+00_7.32e-04_25.4__503			0.150052		0.493333		0.468333
0.28_0.34_6.10e+00_7.32e-04_4.6__99			0.136787		0.598333		0.608333
0.28_0.34_6.10e+00_7.32e-04_18.3__363			0.150807		0.536667		0.528333
0.28_0.34_6.10e+00_7.32e-04_26.9__538			0.114589		0.711667		0.688333
0.28_0.34_6.10e+00_7.32e-04_28.5__562			0.122484		0.741667		0.721667
0.28_0.34_6.10e+00_7.32e-04_21.9__431			0.163759		0.670000		0.643333
0.28_0.34_6.10e+00_7.32e-04_10.2__203			0.125405		0.586667		0.566667
0.28_0.34_6.10e+00_7.32e-04_0.0__8			0.127970		0.695000		0.655000
0.28_0.34_6.10e+00_7.32e-04_15.3__300			0.132064		0.598333		0.631667
0.28_0.34_6.10e+00_7.32e-04_16.8__331			0.149894		0.561667		0.610000
0.28_0.34_6.10e+00_7.32e-04_26.9__537			0.137861		0.646667		0.676667
0.28_0.34_6.10e+00_7.32e-04_21.9__435			0.178200		0.350000		0.375000
0.28_0.34_6.10e+00_7.32e-04_5.6__111			0.134682		0.586667		0.633333
0.28_0.34_6.10e+00_7.32e-04_10.2__206			0.129682		0.565000		0.585000
0.28_0.34_6.10e+00_7.32e-04_4.6__90			0.122575		0.591667		0.625000
0.28_0.34_6.10e+00_7.32e-04_1.5__31			0.130593		0.640000		0.658333
0.28_0.34_6.10e+00_7.32e-04_21.9__439			0.167083		0.521667		0.541667
0.28_0.34_6.10e+00_7.32e-04_2.0__45			0.155116		0.618333		0.660000
0.28_0.34_6.10e+00_7.32e-04_1.0__24			0.148983		0.556667		0.593333
0.28_0.34_6.10e+00_7.32e-04_18.3__365			0.176660		0.326667		0.350000
0.28_0.34_6.10e+00_7.32e-04_5.6__110			0.120534		0.591667		0.626667
0.28_0.34_6.10e+00_7.32e-04_22.9__458			0.168645		0.460000		0.428333
0.28_0.34_6.10e+00_7.32e-04_13.2__269			0.140917		0.603333		0.613333
0.28_0.34_6.10e+00_7.32e-04_1.5__34			0.149964		0.560000		0.596667
0.28_0.34_6.10e+00_7.32e-04_9.2__185			0.156905		0.581667		0.610000
0.28_0.34_6.10e+00_7.32e-04_3.1__68			0.130225		0.690000		0.651667
0.28_0.34_6.10e+00_7.32e-04_19.8__395			0.182399		0.326667		0.350000
0.28_0.34_6.10e+00_7.32e-04_1.5__36			0.131084		0.560000		0.573333
0.28_0.34_6.10e+00_7.32e-04_10.7__218			0.131668		0.675000		0.638333
0.28_0.34_6.10e+00_7.32e-04_16.8__334			0.177728		0.506667		0.500000
0.28_0.34_6.10e+00_7.32e-04_7.6__153			0.124354		0.588333		0.565000
0.28_0.34_6.10e+00_7.32e-04_14.7__299			0.140727		0.583333		0.600000
0.28_0.34_6.10e+00_7.32e-04_23.4__467			0.159260		0.485000		0.455000
0.28_0.34_6.10e+00_7.32e-04_8.6__173			0.122697		0.586667		0.565000
0.28_0.34_6.10e+00_7.32e-04_8.1__169			0.138269		0.600000		0.618333
0.28_0.34_6.10e+00_7.32e-04_27.5__545			0.146806		0.560000		0.568333
0.28_0.34_6.10e+00_7.32e-04_14.2__283			0.132002		0.583333		0.570000
0.28_0.34_6.10e+00_7.32e-04_1.0__23			0.118344		0.598333		0.573333
0.28_0.34_6.10e+00_7.32e-04_2.0__44			0.151788		0.560000		0.596667
0.28_0.34_6.10e+00_7.32e-04_17.3__344			0.187820		0.433333		0.418333
0.28_0.34_6.10e+00_7.32e-04_16.3__328			0.147899		0.550000		0.516667
0.28_0.34_6.10e+00_7.32e-04_30.0__593			0.113865		0.753333		0.735000
0.28_0.34_6.10e+00_7.32e-04_2.0__47			0.127749		0.600000		0.598333
0.28_0.34_6.10e+00_7.32e-04_24.9__491			0.159694		0.678333		0.686667
0.28_0.34_6.10e+00_7.32e-04_7.6__156			0.130038		0.560000		0.573333
0.28_0.34_6.10e+00_7.32e-04_6.1__121			0.135529		0.571667		0.623333
0.28_0.34_6.10e+00_7.32e-04_13.7__273			0.128906		0.585000		0.571667
0.28_0.34_6.10e+00_7.32e-04_1.0__28			0.128094		0.688333		0.658333
0.28_0.34_6.10e+00_7.32e-04_14.7__290			0.128979		0.600000		0.638333
0.28_0.34_6.10e+00_7.32e-04_3.1__69			0.135347		0.605000		0.616667
0.28_0.34_6.10e+00_7.32e-04_5.6__113			0.122050		0.588333		0.566667
0.28_0.34_6.10e+00_7.32e-04_7.1__149			0.137249		0.598333		0.610000
0.28_0.34_6.10e+00_7.32e-04_23.4__468			0.169704		0.498333		0.485000
0.28_0.34_6.10e+00_7.32e-04_5.6__114			0.152901		0.558333		0.596667
0.28_0.34_6.10e+00_7.32e-04_4.1__88			0.131346		0.685000		0.633333
0.28_0.34_6.10e+00_7.32e-04_2.5__50			0.120943		0.578333		0.621667
0.28_0.34_6.10e+00_7.32e-04_8.6__179			0.138802		0.605000		0.618333
0.28_0.34_6.10e+00_7.32e-04_14.2__289			0.141301		0.588333		0.603333
0.28_0.34_6.10e+00_7.32e-04_13.7__275			0.153682		0.540000		0.578333
0.28_0.34_6.10e+00_7.32e-04_6.1__125			0.155844		0.581667		0.628333
0.28_0.34_6.10e+00_7.32e-04_6.6__133			0.122971		0.586667		0.566667
0.28_0.34_6.10e+00_7.32e-04_10.7__212			0.135509		0.600000		0.571667
0.28_0.34_6.10e+00_7.32e-04_0.5__11			0.129418		0.635000		0.658333
0.28_0.34_6.10e+00_7.32e-04_3.6__71			0.133381		0.606667		0.636667
0.28_0.34_6.10e+00_7.32e-04_28.0__550			0.122674		0.541667		0.565000
0.28_0.34_6.10e+00_7.32e-04_4.1__85			0.156323		0.608333		0.661667
0.28_0.34_6.10e+00_7.32e-04_1.5__32			0.129854		0.593333		0.570000
0.28_0.34_6.10e+00_7.32e-04_19.3__383			0.171946		0.358333		0.358333
0.28_0.34_6.10e+00_7.32e-04_5.6__112			0.135395		0.586667		0.571667
0.28_0.34_6.10e+00_7.32e-04_25.4__502			0.150330		0.663333		0.640000
0.28_0.34_6.10e+00_7.32e-04_7.1__142			0.133926		0.586667		0.571667
0.28_0.34_6.10e+00_7.32e-04_28.5__569			0.122360		0.743333		0.733333
0.28_0.34_6.10e+00_7.32e-04_24.4__487			0.160726		0.603333		0.641667
0.28_0.34_6.10e+00_7.32e-04_14.7__296			0.139190		0.575000		0.586667
0.28_0.34_6.10e+00_7.32e-04_27.5__542			0.132701		0.696667		0.675000
0.28_0.34_6.10e+00_7.32e-04_22.9__457			0.162883		0.611667		0.636667
0.28_0.34_6.10e+00_7.32e-04_13.2__262			0.141233		0.580000		0.556667
0.28_0.34_6.10e+00_7.32e-04_18.8__375			0.179199		0.326667		0.350000
0.28_0.34_6.10e+00_7.32e-04_26.9__536			0.132131		0.593333		0.583333
0.28_0.34_6.10e+00_7.32e-04_12.7__252			0.138529		0.595000		0.570000
0.28_0.34_6.10e+00_7.32e-04_1.0__26			0.130414		0.560000		0.576667
0.28_0.34_6.10e+00_7.32e-04_0.5__12			0.131600		0.591667		0.571667
0.28_0.34_6.10e+00_7.32e-04_12.2__240			0.125132		0.598333		0.636667
0.28_0.34_6.10e+00_7.32e-04_19.3__388			0.169418		0.466667		0.446667
0.28_0.34_6.10e+00_7.32e-04_20.8__411			0.161075		0.551667		0.588333
0.28_0.34_6.10e+00_7.32e-04_4.6__98			0.131586		0.676667		0.631667
0.28_0.34_6.10e+00_7.32e-04_4.1__82			0.133525		0.586667		0.571667
0.28_0.34_6.10e+00_7.32e-04_20.8__419			0.168149		0.511667		0.521667
0.28_0.34_6.10e+00_7.32e-04_5.6__115			0.155910		0.585000		0.636667
0.28_0.34_6.10e+00_7.32e-04_6.6__138			0.130570		0.691667		0.650000
0.28_0.34_6.10e+00_7.32e-04_5.1__109			0.136568		0.601667		0.610000
0.28_0.34_6.10e+00_7.32e-04_9.7__191			0.135846		0.543333		0.603333
0.28_0.34_6.10e+00_7.32e-04_10.2__208			0.131931		0.670000		0.640000
0.28_0.34_6.10e+00_7.32e-04_0.0__5			0.149949		0.635000		0.685000
0.28_0.34_6.10e+00_7.32e-04_0.0__3			0.118173		0.591667		0.568333
0.28_0.34_6.10e+00_7.32e-04_29.5__587			0.125339		0.685000		0.718333
0.28_0.34_6.10e+00_7.32e-04_19.3__389			0.159467		0.563333		0.618333
0.28_0.34_6.10e+00_7.32e-04_17.8__352			0.152172		0.501667		0.516667
0.28_0.34_6.10e+00_7.32e-04_15.3__305			0.160418		0.506667		0.553333
0.28_0.34_6.10e+00_7.32e-04_3.1__60			0.121241		0.583333		0.623333
0.28_0.34_6.10e+00_7.32e-04_21.4__420			0.161939		0.545000		0.570000
0.28_0.34_6.10e+00_7.32e-04_13.7__274			0.157448		0.578333		0.595000
0.28_0.34_6.10e+00_7.32e-04_15.8__317			0.157626		0.581667		0.571667
0.28_0.34_6.10e+00_7.32e-04_9.2__182			0.134783		0.593333		0.573333
0.28_0.34_6.10e+00_7.32e-04_15.8__311			0.150920		0.560000		0.593333
0.28_0.34_6.10e+00_7.32e-04_25.9__514			0.176128		0.425000		0.420000
0.28_0.34_6.10e+00_7.32e-04_11.2__226			0.131278		0.566667		0.586667
0.28_0.34_6.10e+00_7.32e-04_19.8__391			0.164554		0.543333		0.586667
0.28_0.34_6.10e+00_7.32e-04_17.3__342			0.153884		0.498333		0.531667
0.28_0.34_6.10e+00_7.32e-04_4.1__89			0.136564		0.601667		0.613333
0.28_0.34_6.10e+00_7.32e-04_6.1__126			0.128976		0.563333		0.581667
0.28_0.34_6.10e+00_7.32e-04_8.6__178			0.130969		0.683333		0.641667
0.28_0.34_6.10e+00_7.32e-04_6.1__127			0.130926		0.561667		0.558333
0.28_0.34_6.10e+00_7.32e-04_3.1__63			0.120644		0.586667		0.565000
0.28_0.34_6.10e+00_7.32e-04_18.3__364			0.194804		0.345000		0.331667
0.28_0.34_6.10e+00_7.32e-04_25.9__510			0.131033		0.545000		0.568333
0.28_0.34_6.10e+00_7.32e-04_13.7__278			0.138102		0.620000		0.581667
0.28_0.34_6.10e+00_7.32e-04_11.2__224			0.157774		0.573333		0.595000
0.28_0.34_6.10e+00_7.32e-04_1.0__25			0.150790		0.638333		0.681667
0.28_0.34_6.10e+00_7.32e-04_3.6__74			0.152526		0.560000		0.595000
0.28_0.34_6.10e+00_7.32e-04_29.5__584			0.134428		0.575000		0.585000
0.28_0.34_6.10e+00_7.32e-04_22.4__444			0.212030		0.345000		0.331667
0.28_0.34_6.10e+00_7.32e-04_21.9__433			0.173688		0.351667		0.345000
0.28_0.34_6.10e+00_7.32e-04_3.1__65			0.155583		0.613333		0.663333
0.28_0.34_6.10e+00_7.32e-04_7.1__143			0.124377		0.586667		0.566667
0.28_0.34_6.10e+00_7.32e-04_11.7__230			0.125093		0.598333		0.633333
0.28_0.34_6.10e+00_7.32e-04_13.2__264			0.155571		0.570000		0.595000
0.28_0.34_6.10e+00_7.32e-04_18.8__372			0.154502		0.521667		0.530000
0.28_0.34_6.10e+00_7.32e-04_5.1__105			0.156973		0.598333		0.651667
0.28_0.34_6.10e+00_7.32e-04_8.1__160			0.122107		0.595000		0.626667
0.28_0.34_6.10e+00_7.32e-04_7.6__152			0.134402		0.586667		0.571667
0.28_0.34_6.10e+00_7.32e-04_7.6__151			0.135916		0.568333		0.625000
0.28_0.34_6.10e+00_7.32e-04_26.4__520			0.130344		0.543333		0.573333
0.28_0.34_6.10e+00_7.32e-04_6.6__134			0.153582		0.563333		0.595000
0.28_0.34_6.10e+00_7.32e-04_7.6__150			0.121269		0.591667		0.625000
0.28_0.34_6.10e+00_7.32e-04_17.8__358			0.175259		0.298333		0.328333
0.28_0.34_6.10e+00_7.32e-04_2.5__56			0.130663		0.560000		0.576667
0.28_0.34_6.10e+00_7.32e-04_15.8__312			0.150235		0.525000		0.530000
0.28_0.34_6.10e+00_7.32e-04_0.5__13			0.117937		0.593333		0.571667
0.28_0.34_6.10e+00_7.32e-04_8.6__176			0.131348		0.558333		0.568333
0.28_0.34_6.10e+00_7.32e-04_2.0__40			0.120121		0.581667		0.625000
0.28_0.34_6.10e+00_7.32e-04_25.4__509			0.155803		0.596667		0.595000
0.28_0.34_6.10e+00_7.32e-04_23.9__479			0.163461		0.505000		0.521667
0.28_0.34_6.10e+00_7.32e-04_20.8__418			0.175417		0.470000		0.450000
0.28_0.34_6.10e+00_7.32e-04_14.7__292			0.146606		0.551667		0.535000
0.28_0.34_6.10e+00_7.32e-04_12.7__253			0.127891		0.588333		0.565000
0.28_0.34_6.10e+00_7.32e-04_26.4__525			0.151660		0.536667		0.563333
0.28_0.34_6.10e+00_7.32e-04_3.6__78			0.130817		0.691667		0.646667
0.28_0.34_6.10e+00_7.32e-04_9.2__180			0.123633		0.595000		0.633333
0.28_0.34_6.10e+00_7.32e-04_10.2__209			0.138745		0.603333		0.618333
0.28_0.34_6.10e+00_7.32e-04_21.9__432			0.157432		0.505000		0.533333
0.28_0.34_6.10e+00_7.32e-04_9.7__196			0.128274		0.565000		0.586667
0.28_0.34_6.10e+00_7.32e-04_8.6__171			0.136981		0.538333		0.590000
0.28_0.34_6.10e+00_7.32e-04_26.9__539			0.135684		0.673333		0.676667
0.28_0.34_6.10e+00_7.32e-04_16.3__326			0.153068		0.578333		0.595000
0.28_0.34_6.10e+00_7.32e-04_18.3__362			0.152589		0.506667		0.530000
0.28_0.34_6.10e+00_7.32e-04_9.7__198			0.131381		0.670000		0.650000
0.28_0.34_6.10e+00_7.32e-04_6.6__130			0.121364		0.590000		0.626667
0.28_0.34_6.10e+00_7.32e-04_30.0__598			0.115999		0.750000		0.713333
0.28_0.34_6.10e+00_7.32e-04_20.3__404			0.212110		0.345000		0.331667
0.28_0.34_6.10e+00_7.32e-04_23.4__465			0.171125		0.370000		0.395000
0.28_0.34_6.10e+00_7.32e-04_1.0__29			0.132465		0.610000		0.623333
0.28_0.34_6.10e+00_7.32e-04_11.2__221			0.136628		0.548333		0.603333
0.28_0.34_6.10e+00_7.32e-04_10.2__205			0.155893		0.543333		0.588333
0.28_0.34_6.10e+00_7.32e-04_27.5__549			0.125420		0.735000		0.718333
0.28_0.34_6.10e+00_7.32e-04_2.0__46			0.131541		0.560000		0.575000
0.28_0.34_6.10e+00_7.32e-04_19.8__398			0.172803		0.316667		0.345000
0.28_0.34_6.10e+00_7.32e-04_1.5__30			0.119695		0.580000		0.625000
0.28_0.34_6.10e+00_7.32e-04_19.3__380			0.166835		0.541667		0.556667
0.28_0.34_6.10e+00_7.32e-04_16.8__339			0.142239		0.585000		0.595000
0.28_0.34_6.10e+00_7.32e-04_17.8__355			0.171021		0.403333		0.430000
0.28_0.34_6.10e+00_7.32e-04_17.8__359			0.152508		0.573333		0.621667
0.28_0.34_6.10e+00_7.32e-04_18.8__374			0.203448		0.345000		0.331667
0.28_0.34_6.10e+00_7.32e-04_1.5__37			0.127309		0.601667		0.596667
0.28_0.34_6.10e+00_7.32e-04_10.7__214			0.157565		0.573333		0.590000
0.28_0.34_6.10e+00_7.32e-04_11.7__236			0.130507		0.570000		0.590000
0.28_0.34_6.10e+00_7.32e-04_6.1__123			0.123088		0.585000		0.566667
0.28_0.34_6.10e+00_7.32e-04_15.3__304			0.163704		0.575000		0.591667
0.28_0.34_6.10e+00_7.32e-04_4.6__91			0.134351		0.595000		0.636667
0.28_0.34_6.10e+00_7.32e-04_21.4__426			0.160256		0.596667		0.615000
0.28_0.34_6.10e+00_7.32e-04_30.0__594			0.128466		0.621667		0.631667
0.28_0.34_6.10e+00_7.32e-04_29.5__588			0.115312		0.748333		0.711667
0.28_0.34_6.10e+00_7.32e-04_12.7__259			0.139704		0.596667		0.608333
0.28_0.34_6.10e+00_7.32e-04_16.3__329			0.141975		0.616667		0.628333
0.28_0.34_6.10e+00_7.32e-04_3.6__75			0.154276		0.608333		0.658333
0.28_0.34_6.10e+00_7.32e-04_23.9__476			0.160253		0.535000		0.571667
0.28_0.34_6.10e+00_7.32e-04_15.8__315			0.169070		0.398333		0.415000
0.28_0.34_6.10e+00_7.32e-04_2.5__55			0.155033		0.616667		0.663333
0.28_0.34_6.10e+00_7.32e-04_3.6__72			0.133071		0.586667		0.573333
0.28_0.34_6.10e+00_7.32e-04_13.2__261			0.138699		0.548333		0.598333
0.28_0.34_6.10e+00_7.32e-04_29.0__577			0.125873		0.685000		0.725000
0.28_0.34_6.10e+00_7.32e-04_6.1__122			0.135503		0.586667		0.570000
0.28_0.34_6.10e+00_7.32e-04_6.6__137			0.131132		0.566667		0.560000
0.28_0.34_6.10e+00_7.32e-04_16.8__333			0.141750		0.570000		0.551667
0.28_0.34_6.10e+00_7.32e-04_27.5__541			0.130579		0.685000		0.673333
0.28_0.34_6.10e+00_7.32e-04_20.3__400			0.168647		0.546667		0.575000
0.28_0.34_6.10e+00_7.32e-04_16.8__336			0.150285		0.578333		0.593333
0.28_0.34_6.10e+00_7.32e-04_8.6__170			0.123279		0.593333		0.626667
0.28_0.34_6.10e+00_7.32e-04_6.6__131			0.135499		0.561667		0.616667
0.28_0.34_6.10e+00_7.32e-04_23.4__469			0.167798		0.523333		0.568333
0.28_0.34_6.10e+00_7.32e-04_2.5__51			0.133120		0.600000		0.631667
0.28_0.34_6.10e+00_7.32e-04_25.4__506			0.153533		0.561667		0.570000
0.28_0.34_6.10e+00_7.32e-04_11.2__222			0.135445		0.601667		0.573333
0.28_0.34_6.10e+00_7.32e-04_14.2__281			0.140041		0.580000		0.615000
0.28_0.34_6.10e+00_7.32e-04_23.4__460			0.155215		0.551667		0.588333
0.28_0.34_6.10e+00_7.32e-04_8.1__165			0.155065		0.593333		0.633333
0.28_0.34_6.10e+00_7.32e-04_24.9__496			0.153807		0.558333		0.591667
0.28_0.34_6.10e+00_7.32e-04_24.4__483			0.170304		0.421667		0.408333
0.28_0.34_6.10e+00_7.32e-04_13.2__260			0.126345		0.596667		0.636667
0.28_0.34_6.10e+00_7.32e-04_23.9__477			0.160070		0.515000		0.491667
0.28_0.34_6.10e+00_7.32e-04_13.2__265			0.155051		0.548333		0.578333
0.28_0.34_6.10e+00_7.32e-04_13.7__270			0.127391		0.595000		0.631667
0.28_0.34_6.10e+00_7.32e-04_9.7__192			0.134279		0.593333		0.568333
0.28_0.34_6.10e+00_7.32e-04_5.6__118			0.131478		0.685000		0.638333
0.28_0.34_6.10e+00_7.32e-04_4.6__94			0.152776		0.560000		0.596667
0.28_0.34_6.10e+00_7.32e-04_9.2__189			0.138692		0.605000		0.616667
0.28_0.34_6.10e+00_7.32e-04_13.2__268			0.135350		0.651667		0.611667
0.28_0.34_6.10e+00_7.32e-04_26.4__526			0.135904		0.586667		0.591667
0.28_0.34_6.10e+00_7.32e-04_14.7__294			0.164270		0.573333		0.580000
0.28_0.34_6.10e+00_7.32e-04_0.0__6			0.128777		0.561667		0.580000
0.28_0.34_6.10e+00_7.32e-04_5.1__106			0.130221		0.566667		0.580000
0.28_0.34_6.10e+00_7.32e-04_2.0__42			0.130570		0.591667		0.568333
0.28_0.34_6.10e+00_7.32e-04_10.7__216			0.128279		0.570000		0.590000
0.28_0.34_6.10e+00_7.32e-04_10.2__201			0.135891		0.553333		0.621667
0.28_0.34_6.10e+00_7.32e-04_3.6__76			0.131019		0.560000		0.578333
0.28_0.34_6.10e+00_7.32e-04_0.0__0			0.118702		0.590000		0.625000
0.28_0.34_6.10e+00_7.32e-04_23.4__464			0.204141		0.345000		0.331667
0.28_0.34_6.10e+00_7.32e-04_8.1__166			0.128987		0.558333		0.575000
0.28_0.34_6.10e+00_7.32e-04_14.2__286			0.138000		0.558333		0.571667
0.28_0.34_6.10e+00_7.32e-04_2.5__54			0.150518		0.556667		0.595000
0.28_0.34_6.10e+00_7.32e-04_4.6__95			0.156084		0.600000		0.650000
0.28_0.34_6.10e+00_7.32e-04_4.6__93			0.122879		0.586667		0.565000
0.28_0.34_6.10e+00_7.32e-04_19.8__399			0.162129		0.553333		0.593333
0.28_0.34_6.10e+00_7.32e-04_8.6__177			0.130761		0.556667		0.551667
0.28_0.34_6.10e+00_7.32e-04_29.0__578			0.115124		0.751667		0.708333
0.28_0.34_6.10e+00_7.32e-04_5.6__119			0.136727		0.598333		0.611667
0.28_0.34_6.10e+00_7.32e-04_2.0__49			0.133232		0.610000		0.620000
0.28_0.34_6.10e+00_7.32e-04_21.4__423			0.172817		0.386667		0.375000
0.28_0.34_6.10e+00_7.32e-04_8.1__167			0.131573		0.560000		0.558333
0.28_0.34_6.10e+00_7.32e-04_10.7__211			0.135832		0.556667		0.613333
0.28_0.34_6.10e+00_7.32e-04_13.7__271			0.139465		0.576667		0.610000
0.28_0.34_6.10e+00_7.32e-04_8.6__172			0.132987		0.593333		0.573333
0.28_0.34_6.10e+00_7.32e-04_9.7__195			0.154909		0.585000		0.618333
0.28_0.34_6.10e+00_7.32e-04_4.6__92			0.133105		0.586667		0.573333
0.28_0.34_6.10e+00_7.32e-04_17.8__354			0.192123		0.358333		0.341667
0.28_0.34_6.10e+00_7.32e-04_14.7__297			0.159620		0.576667		0.563333
0.28_0.34_6.10e+00_7.32e-04_5.6__117			0.131097		0.563333		0.571667
0.28_0.34_6.10e+00_7.32e-04_1.0__22			0.129941		0.591667		0.568333
0.28_0.34_6.10e+00_7.32e-04_15.3__308			0.143949		0.586667		0.550000
0.28_0.34_6.10e+00_7.32e-04_13.7__279			0.141126		0.601667		0.610000
0.28_0.34_6.10e+00_7.32e-04_25.9__512			0.144242		0.616667		0.633333
0.28_0.34_6.10e+00_7.32e-04_12.2__242			0.135977		0.610000		0.576667
0.28_0.34_6.10e+00_7.32e-04_4.6__97			0.129743		0.558333		0.573333
0.28_0.34_6.10e+00_7.32e-04_4.1__83			0.122863		0.586667		0.565000
0.28_0.34_6.10e+00_7.32e-04_3.1__67			0.128118		0.596667		0.600000
0.28_0.34_6.10e+00_7.32e-04_0.0__1			0.129524		0.630000		0.651667
0.28_0.34_6.10e+00_7.32e-04_26.4__529			0.138326		0.678333		0.681667
0.28_0.34_6.10e+00_7.32e-04_0.0__2			0.131814		0.593333		0.571667
0.28_0.34_6.10e+00_7.32e-04_29.0__574			0.133316		0.548333		0.548333
0.28_0.34_6.10e+00_7.32e-04_7.6__157			0.131434		0.560000		0.565000
0.28_0.34_6.10e+00_7.32e-04_16.3__327			0.157460		0.581667		0.565000
0.28_0.34_6.10e+00_7.32e-04_21.9__438			0.166436		0.470000		0.450000
0.28_0.34_6.10e+00_7.32e-04_17.8__350			0.166488		0.586667		0.635000
0.28_0.34_6.10e+00_7.32e-04_14.2__282			0.138491		0.591667		0.566667
0.28_0.34_6.10e+00_7.32e-04_1.5__39			0.133132		0.606667		0.623333
0.28_0.34_6.10e+00_7.32e-04_22.4__443			0.152234		0.486667		0.480000
0.28_0.34_6.10e+00_7.32e-04_8.1__162			0.134315		0.586667		0.571667
0.28_0.34_6.10e+00_7.32e-04_11.7__238			0.133123		0.663333		0.626667
0.28_0.34_6.10e+00_7.32e-04_2.0__43			0.118700		0.590000		0.571667
0.28_0.34_6.10e+00_7.32e-04_4.1__87			0.129749		0.570000		0.573333
0.28_0.34_6.10e+00_7.32e-04_14.2__285			0.154702		0.533333		0.568333
0.28_0.34_6.10e+00_7.32e-04_6.1__129			0.136998		0.606667		0.618333
0.28_0.34_6.10e+00_7.32e-04_10.7__210			0.123849		0.598333		0.633333
0.28_0.34_6.10e+00_7.32e-04_2.0__41			0.132078		0.623333		0.645000
0.28_0.34_6.10e+00_7.32e-04_0.0__9			0.134517		0.610000		0.615000
0.28_0.34_6.10e+00_7.32e-04_25.4__505			0.161012		0.426667		0.460000
0.28_0.34_6.10e+00_7.32e-04_23.9__471			0.160669		0.595000		0.601667
0.28_0.34_6.10e+00_7.32e-04_5.1__101			0.134321		0.590000		0.633333
0.28_0.34_6.10e+00_7.32e-04_29.5__589			0.120855		0.746667		0.736667
0.28_0.34_6.10e+00_7.32e-04_13.2__263			0.127045		0.585000		0.566667
0.28_0.34_6.10e+00_7.32e-04_20.8__412			0.158372		0.513333		0.538333
0.28_0.34_6.10e+00_7.32e-04_18.8__377			0.170328		0.523333		0.518333
