id			last val		val acc		test acc
0.28_0.34_6.10e+00_7.32e-04_28.0__550			0.016407		0.981667		0.965000
0.28_0.34_6.10e+00_7.32e-04_27.5__544			0.020136		0.980000		0.976667
0.28_0.34_6.10e+00_7.32e-04_23.4__463			0.015830		0.978333		0.965000
0.28_0.34_6.10e+00_7.32e-04_29.0__576			0.019854		0.973333		0.963333
0.28_0.34_6.10e+00_7.32e-04_28.5__561			0.014372		0.980000		0.976667
0.28_0.34_6.10e+00_7.32e-04_27.5__548			0.016290		0.966667		0.970000
0.28_0.34_6.10e+00_7.32e-04_29.5__588			0.016788		0.966667		0.961667
0.28_0.34_6.10e+00_7.32e-04_28.5__563			0.014551		0.980000		0.970000
0.28_0.34_6.10e+00_7.32e-04_24.4__484			0.020903		0.973333		0.975000
0.28_0.34_6.10e+00_7.32e-04_23.9__476			0.019666		0.970000		0.963333
0.28_0.34_6.10e+00_7.32e-04_29.5__585			0.025966		0.968333		0.961667
0.28_0.34_6.10e+00_7.32e-04_25.9__513			0.013598		0.978333		0.971667
0.28_0.34_6.10e+00_7.32e-04_29.0__578			0.016921		0.966667		0.961667
0.28_0.34_6.10e+00_7.32e-04_30.0__590			0.014877		0.980000		0.973333
0.28_0.34_6.10e+00_7.32e-04_28.0__557			0.019131		0.978333		0.976667
0.28_0.34_6.10e+00_7.32e-04_29.0__571			0.015652		0.976667		0.973333
0.28_0.34_6.10e+00_7.32e-04_29.0__575			0.028210		0.975000		0.960000
0.28_0.34_6.10e+00_7.32e-04_30.0__597			0.020006		0.973333		0.980000
0.28_0.34_6.10e+00_7.32e-04_22.4__448			0.018166		0.968333		0.963333
0.28_0.34_6.10e+00_7.32e-04_28.5__568			0.017647		0.961667		0.965000
0.28_0.34_6.10e+00_7.32e-04_29.0__579			0.023801		0.960000		0.950000
0.28_0.34_6.10e+00_7.32e-04_24.9__491			0.016367		0.978333		0.976667
0.28_0.34_6.10e+00_7.32e-04_21.4__423			0.015396		0.978333		0.970000
0.28_0.34_6.10e+00_7.32e-04_29.5__586			0.019897		0.973333		0.963333
0.28_0.34_6.10e+00_7.32e-04_27.5__541			0.014729		0.978333		0.971667
0.28_0.34_6.10e+00_7.32e-04_29.5__582			0.020435		0.966667		0.976667
0.28_0.34_6.10e+00_7.32e-04_23.9__479			0.022545		0.963333		0.953333
0.28_0.34_6.10e+00_7.32e-04_21.9__433			0.015311		0.980000		0.961667
0.28_0.34_6.10e+00_7.32e-04_24.9__497			0.022484		0.976667		0.975000
0.28_0.34_6.10e+00_7.32e-04_30.0__591			0.015822		0.976667		0.975000
0.28_0.34_6.10e+00_7.32e-04_27.5__542			0.023000		0.963333		0.965000
0.28_0.34_6.10e+00_7.32e-04_29.5__584			0.018970		0.971667		0.970000
0.28_0.34_6.10e+00_7.32e-04_20.8__419			0.025776		0.960000		0.955000
0.28_0.34_6.10e+00_7.32e-04_22.9__453			0.014853		0.975000		0.968333
0.28_0.34_6.10e+00_7.32e-04_28.0__554			0.019785		0.981667		0.980000
0.28_0.34_6.10e+00_7.32e-04_25.4__507			0.022187		0.980000		0.973333
0.28_0.34_6.10e+00_7.32e-04_29.0__577			0.020000		0.973333		0.973333
0.28_0.34_6.10e+00_7.32e-04_26.4__523			0.012987		0.980000		0.971667
0.28_0.34_6.10e+00_7.32e-04_25.4__501			0.016592		0.975000		0.973333
0.28_0.34_6.10e+00_7.32e-04_20.8__418			0.021702		0.958333		0.968333
0.28_0.34_6.10e+00_7.32e-04_25.4__504			0.018832		0.978333		0.975000
0.28_0.34_6.10e+00_7.32e-04_29.0__570			0.014661		0.978333		0.966667
0.28_0.34_6.10e+00_7.32e-04_24.9__490			0.015998		0.980000		0.970000
0.28_0.34_6.10e+00_7.32e-04_19.8__390			0.017177		0.980000		0.966667
0.28_0.34_6.10e+00_7.32e-04_25.4__502			0.022533		0.968333		0.968333
0.28_0.34_6.10e+00_7.32e-04_21.9__437			0.022675		0.975000		0.976667
0.28_0.34_6.10e+00_7.32e-04_30.0__596			0.019814		0.973333		0.963333
0.28_0.34_6.10e+00_7.32e-04_19.3__384			0.021658		0.971667		0.968333
0.28_0.34_6.10e+00_7.32e-04_23.4__467			0.021773		0.973333		0.978333
0.28_0.34_6.10e+00_7.32e-04_26.4__520			0.014841		0.983333		0.980000
0.28_0.34_6.10e+00_7.32e-04_21.4__425			0.032351		0.965000		0.948333
0.28_0.34_6.10e+00_7.32e-04_24.4__486			0.021994		0.966667		0.960000
0.28_0.34_6.10e+00_7.32e-04_29.5__589			0.024048		0.956667		0.948333
0.28_0.34_6.10e+00_7.32e-04_22.4__441			0.014226		0.980000		0.976667
0.28_0.34_6.10e+00_7.32e-04_28.5__565			0.028486		0.970000		0.961667
0.28_0.34_6.10e+00_7.32e-04_19.8__396			0.023264		0.958333		0.953333
0.28_0.34_6.10e+00_7.32e-04_22.4__445			0.026202		0.978333		0.963333
0.28_0.34_6.10e+00_7.32e-04_20.8__417			0.022537		0.976667		0.973333
0.28_0.34_6.10e+00_7.32e-04_21.9__439			0.022138		0.966667		0.963333
0.28_0.34_6.10e+00_7.32e-04_25.9__516			0.020663		0.971667		0.965000
0.28_0.34_6.10e+00_7.32e-04_24.4__482			0.026319		0.960000		0.963333
0.28_0.34_6.10e+00_7.32e-04_30.0__598			0.017976		0.965000		0.963333
0.28_0.34_6.10e+00_7.32e-04_23.9__470			0.018165		0.975000		0.965000
0.28_0.34_6.10e+00_7.32e-04_23.9__475			0.025185		0.976667		0.965000
0.28_0.34_6.10e+00_7.32e-04_28.5__562			0.022082		0.961667		0.966667
0.28_0.34_6.10e+00_7.32e-04_20.3__404			0.021316		0.970000		0.980000
0.28_0.34_6.10e+00_7.32e-04_24.4__489			0.024247		0.958333		0.950000
0.28_0.34_6.10e+00_7.32e-04_29.0__574			0.019743		0.978333		0.973333
0.28_0.34_6.10e+00_7.32e-04_25.9__518			0.015942		0.968333		0.968333
0.28_0.34_6.10e+00_7.32e-04_20.8__414			0.022668		0.961667		0.973333
0.28_0.34_6.10e+00_7.32e-04_20.3__408			0.021332		0.955000		0.966667
0.28_0.34_6.10e+00_7.32e-04_25.9__510			0.015759		0.978333		0.968333
0.28_0.34_6.10e+00_7.32e-04_19.3__388			0.023716		0.963333		0.960000
0.28_0.34_6.10e+00_7.32e-04_25.4__506			0.021153		0.970000		0.958333
0.28_0.34_6.10e+00_7.32e-04_27.5__540			0.014836		0.981667		0.970000
0.28_0.34_6.10e+00_7.32e-04_19.8__399			0.022399		0.965000		0.966667
0.28_0.34_6.10e+00_7.32e-04_12.2__241			0.056532		0.850000		0.853333
0.28_0.34_6.10e+00_7.32e-04_19.8__393			0.015494		0.976667		0.970000
0.28_0.34_6.10e+00_7.32e-04_17.8__353			0.017169		0.968333		0.958333
0.28_0.34_6.10e+00_7.32e-04_26.9__535			0.028906		0.973333		0.965000
0.28_0.34_6.10e+00_7.32e-04_24.9__492			0.022967		0.965000		0.970000
0.28_0.34_6.10e+00_7.32e-04_17.3__346			0.030403		0.968333		0.955000
0.28_0.34_6.10e+00_7.32e-04_30.0__595			0.028945		0.973333		0.960000
0.28_0.34_6.10e+00_7.32e-04_19.3__380			0.017536		0.981667		0.966667
0.28_0.34_6.10e+00_7.32e-04_18.3__362			0.034284		0.946667		0.955000
0.28_0.34_6.10e+00_7.32e-04_26.4__521			0.016605		0.971667		0.976667
0.28_0.34_6.10e+00_7.32e-04_30.0__593			0.014673		0.983333		0.975000
0.28_0.34_6.10e+00_7.32e-04_26.9__536			0.021472		0.970000		0.966667
0.28_0.34_6.10e+00_7.32e-04_24.4__485			0.026476		0.975000		0.960000
0.28_0.34_6.10e+00_7.32e-04_24.9__493			0.014036		0.978333		0.970000
0.28_0.34_6.10e+00_7.32e-04_21.9__432			0.026034		0.961667		0.963333
0.28_0.34_6.10e+00_7.32e-04_21.4__424			0.021743		0.968333		0.976667
0.28_0.34_6.10e+00_7.32e-04_17.8__359			0.027638		0.960000		0.951667
0.28_0.34_6.10e+00_7.32e-04_28.5__566			0.019909		0.970000		0.965000
0.28_0.34_6.10e+00_7.32e-04_23.9__474			0.021520		0.968333		0.975000
0.28_0.34_6.10e+00_7.32e-04_13.7__277			0.043656		0.946667		0.955000
0.28_0.34_6.10e+00_7.32e-04_23.4__466			0.022193		0.971667		0.961667
0.28_0.34_6.10e+00_7.32e-04_22.4__444			0.017741		0.980000		0.976667
0.28_0.34_6.10e+00_7.32e-04_26.9__537			0.019200		0.971667		0.971667
0.28_0.34_6.10e+00_7.32e-04_20.8__416			0.020916		0.973333		0.963333
0.28_0.34_6.10e+00_7.32e-04_29.0__572			0.021798		0.965000		0.961667
0.28_0.34_6.10e+00_7.32e-04_18.8__379			0.023352		0.961667		0.960000
0.28_0.34_6.10e+00_7.32e-04_22.9__452			0.024871		0.958333		0.961667
0.28_0.34_6.10e+00_7.32e-04_29.0__573			0.013691		0.980000		0.971667
0.28_0.34_6.10e+00_7.32e-04_16.3__328			0.022648		0.960000		0.956667
0.28_0.34_6.10e+00_7.32e-04_26.4__525			0.029087		0.973333		0.966667
0.28_0.34_6.10e+00_7.32e-04_22.4__443			0.015127		0.976667		0.968333
0.28_0.34_6.10e+00_7.32e-04_22.9__458			0.019721		0.963333		0.971667
0.28_0.34_6.10e+00_7.32e-04_18.3__364			0.023990		0.971667		0.965000
0.28_0.34_6.10e+00_7.32e-04_26.9__539			0.025049		0.951667		0.951667
0.28_0.34_6.10e+00_7.32e-04_22.9__457			0.022970		0.973333		0.970000
0.28_0.34_6.10e+00_7.32e-04_13.7__274			0.042269		0.958333		0.935000
0.28_0.34_6.10e+00_7.32e-04_24.9__499			0.024460		0.965000		0.950000
0.28_0.34_6.10e+00_7.32e-04_29.5__580			0.015109		0.981667		0.966667
0.28_0.34_6.10e+00_7.32e-04_22.9__450			0.016561		0.978333		0.970000
0.28_0.34_6.10e+00_7.32e-04_29.5__583			0.014496		0.976667		0.971667
0.28_0.34_6.10e+00_7.32e-04_22.4__442			0.024776		0.965000		0.966667
0.28_0.34_6.10e+00_7.32e-04_24.9__494			0.022573		0.971667		0.973333
0.28_0.34_6.10e+00_7.32e-04_26.9__532			0.021573		0.965000		0.970000
0.28_0.34_6.10e+00_7.32e-04_17.3__340			0.023246		0.981667		0.960000
0.28_0.34_6.10e+00_7.32e-04_16.8__334			0.022431		0.963333		0.960000
0.28_0.34_6.10e+00_7.32e-04_20.8__413			0.015740		0.978333		0.966667
0.28_0.34_6.10e+00_7.32e-04_30.0__599			0.024251		0.955000		0.951667
0.28_0.34_6.10e+00_7.32e-04_28.0__552			0.021594		0.963333		0.970000
0.28_0.34_6.10e+00_7.32e-04_13.7__279			0.045157		0.931667		0.915000
0.28_0.34_6.10e+00_7.32e-04_26.4__528			0.015307		0.968333		0.966667
0.28_0.34_6.10e+00_7.32e-04_19.3__381			0.016139		0.960000		0.968333
0.28_0.34_6.10e+00_7.32e-04_30.0__592			0.021995		0.965000		0.975000
0.28_0.34_6.10e+00_7.32e-04_20.8__411			0.015060		0.968333		0.968333
0.28_0.34_6.10e+00_7.32e-04_21.4__421			0.015910		0.971667		0.973333
0.28_0.34_6.10e+00_7.32e-04_26.9__538			0.015610		0.966667		0.970000
0.28_0.34_6.10e+00_7.32e-04_15.8__319			0.037763		0.965000		0.921667
0.28_0.34_6.10e+00_7.32e-04_23.4__461			0.016908		0.975000		0.975000
0.28_0.34_6.10e+00_7.32e-04_13.7__270			0.034976		0.961667		0.946667
0.28_0.34_6.10e+00_7.32e-04_22.9__456			0.021642		0.975000		0.960000
0.28_0.34_6.10e+00_7.32e-04_16.8__330			0.023189		0.978333		0.968333
0.28_0.34_6.10e+00_7.32e-04_17.3__348			0.019786		0.955000		0.951667
0.28_0.34_6.10e+00_7.32e-04_19.3__386			0.024223		0.966667		0.961667
0.28_0.34_6.10e+00_7.32e-04_12.7__252			0.078305		0.858333		0.830000
0.28_0.34_6.10e+00_7.32e-04_16.8__338			0.023993		0.955000		0.946667
0.28_0.34_6.10e+00_7.32e-04_17.8__351			0.021265		0.951667		0.963333
0.28_0.34_6.10e+00_7.32e-04_10.7__210			0.058309		0.871667		0.851667
0.28_0.34_6.10e+00_7.32e-04_12.2__240			0.051125		0.883333		0.855000
0.28_0.34_6.10e+00_7.32e-04_14.2__281			0.044540		0.898333		0.895000
0.28_0.34_6.10e+00_7.32e-04_25.4__509			0.026843		0.951667		0.950000
0.28_0.34_6.10e+00_7.32e-04_23.4__465			0.025497		0.976667		0.961667
0.28_0.34_6.10e+00_7.32e-04_20.3__402			0.029904		0.955000		0.960000
0.28_0.34_6.10e+00_7.32e-04_25.9__519			0.026719		0.953333		0.951667
0.28_0.34_6.10e+00_7.32e-04_16.8__333			0.021861		0.965000		0.946667
0.28_0.34_6.10e+00_7.32e-04_24.9__495			0.027892		0.975000		0.961667
0.28_0.34_6.10e+00_7.32e-04_28.0__556			0.021798		0.968333		0.963333
0.28_0.34_6.10e+00_7.32e-04_14.2__285			0.051735		0.918333		0.916667
0.28_0.34_6.10e+00_7.32e-04_18.8__376			0.025477		0.958333		0.958333
0.28_0.34_6.10e+00_7.32e-04_16.3__322			0.038105		0.946667		0.946667
0.28_0.34_6.10e+00_7.32e-04_18.8__378			0.023665		0.963333		0.960000
0.28_0.34_6.10e+00_7.32e-04_18.8__374			0.024035		0.956667		0.973333
0.28_0.34_6.10e+00_7.32e-04_16.3__324			0.025873		0.960000		0.961667
0.28_0.34_6.10e+00_7.32e-04_9.2__188			0.080634		0.765000		0.746667
0.28_0.34_6.10e+00_7.32e-04_26.9__531			0.016214		0.976667		0.973333
0.28_0.34_6.10e+00_7.32e-04_10.7__218			0.067261		0.790000		0.758333
0.28_0.34_6.10e+00_7.32e-04_19.3__385			0.031982		0.961667		0.955000
0.28_0.34_6.10e+00_7.32e-04_11.7__238			0.057841		0.858333		0.836667
0.28_0.34_6.10e+00_7.32e-04_26.4__527			0.021497		0.978333		0.980000
0.28_0.34_6.10e+00_7.32e-04_20.3__403			0.017293		0.981667		0.971667
0.28_0.34_6.10e+00_7.32e-04_29.5__587			0.022741		0.975000		0.975000
0.28_0.34_6.10e+00_7.32e-04_26.9__530			0.015065		0.981667		0.966667
0.28_0.34_6.10e+00_7.32e-04_15.8__310			0.028806		0.963333		0.963333
0.28_0.34_6.10e+00_7.32e-04_13.2__261			0.032116		0.935000		0.941667
0.28_0.34_6.10e+00_7.32e-04_15.3__304			0.027608		0.965000		0.958333
0.28_0.34_6.10e+00_7.32e-04_10.7__217			0.066724		0.846667		0.883333
0.28_0.34_6.10e+00_7.32e-04_24.9__498			0.018363		0.965000		0.975000
0.28_0.34_6.10e+00_7.32e-04_23.4__462			0.023283		0.961667		0.968333
0.28_0.34_6.10e+00_7.32e-04_23.4__460			0.016990		0.980000		0.970000
0.28_0.34_6.10e+00_7.32e-04_19.8__395			0.030743		0.961667		0.946667
0.28_0.34_6.10e+00_7.32e-04_19.8__392			0.030353		0.958333		0.961667
0.28_0.34_6.10e+00_7.32e-04_18.8__375			0.034528		0.965000		0.953333
0.28_0.34_6.10e+00_7.32e-04_27.5__545			0.028456		0.970000		0.956667
0.28_0.34_6.10e+00_7.32e-04_28.5__569			0.024598		0.953333		0.946667
0.28_0.34_6.10e+00_7.32e-04_23.9__473			0.013581		0.978333		0.970000
0.28_0.34_6.10e+00_7.32e-04_15.3__300			0.027991		0.965000		0.956667
0.28_0.34_6.10e+00_7.32e-04_9.2__180			0.080473		0.786667		0.795000
0.28_0.34_6.10e+00_7.32e-04_20.8__410			0.017210		0.985000		0.970000
0.28_0.34_6.10e+00_7.32e-04_12.7__259			0.051221		0.915000		0.886667
0.28_0.34_6.10e+00_7.32e-04_19.3__383			0.014513		0.978333		0.968333
0.28_0.34_6.10e+00_7.32e-04_25.9__512			0.022030		0.963333		0.970000
0.28_0.34_6.10e+00_7.32e-04_16.8__339			0.032540		0.961667		0.963333
0.28_0.34_6.10e+00_7.32e-04_14.7__294			0.034980		0.966667		0.958333
0.28_0.34_6.10e+00_7.32e-04_25.4__500			0.017590		0.978333		0.961667
0.28_0.34_6.10e+00_7.32e-04_26.4__526			0.021213		0.971667		0.963333
0.28_0.34_6.10e+00_7.32e-04_11.2__220			0.055795		0.876667		0.851667
0.28_0.34_6.10e+00_7.32e-04_17.3__344			0.023006		0.971667		0.973333
0.28_0.34_6.10e+00_7.32e-04_28.5__564			0.020278		0.978333		0.975000
0.28_0.34_6.10e+00_7.32e-04_13.2__260			0.047459		0.930000		0.908333
0.28_0.34_6.10e+00_7.32e-04_15.3__306			0.034316		0.951667		0.955000
0.28_0.34_6.10e+00_7.32e-04_6.1__127			0.147783		0.568333		0.555000
0.28_0.34_6.10e+00_7.32e-04_22.4__446			0.022052		0.968333		0.963333
0.28_0.34_6.10e+00_7.32e-04_30.0__594			0.017826		0.978333		0.971667
0.28_0.34_6.10e+00_7.32e-04_18.8__377			0.021039		0.976667		0.980000
0.28_0.34_6.10e+00_7.32e-04_28.0__559			0.025029		0.953333		0.953333
0.28_0.34_6.10e+00_7.32e-04_28.5__567			0.020134		0.981667		0.976667
0.28_0.34_6.10e+00_7.32e-04_14.2__280			0.035335		0.965000		0.951667
0.28_0.34_6.10e+00_7.32e-04_19.8__391			0.015264		0.968333		0.965000
0.28_0.34_6.10e+00_7.32e-04_20.3__405			0.029746		0.968333		0.953333
0.28_0.34_6.10e+00_7.32e-04_28.0__558			0.016984		0.966667		0.965000
0.28_0.34_6.10e+00_7.32e-04_29.5__581			0.014897		0.978333		0.975000
0.28_0.34_6.10e+00_7.32e-04_17.3__349			0.029097		0.955000		0.951667
0.28_0.34_6.10e+00_7.32e-04_23.9__471			0.016956		0.973333		0.975000
0.28_0.34_6.10e+00_7.32e-04_23.9__477			0.021248		0.983333		0.975000
0.28_0.34_6.10e+00_7.32e-04_16.3__321			0.026096		0.948333		0.955000
0.28_0.34_6.10e+00_7.32e-04_9.2__186			0.074465		0.798333		0.806667
0.28_0.34_6.10e+00_7.32e-04_17.3__345			0.034628		0.960000		0.956667
0.28_0.34_6.10e+00_7.32e-04_19.8__398			0.023313		0.956667		0.953333
0.28_0.34_6.10e+00_7.32e-04_22.4__447			0.023468		0.975000		0.970000
0.28_0.34_6.10e+00_7.32e-04_21.4__420			0.017310		0.978333		0.965000
0.28_0.34_6.10e+00_7.32e-04_16.3__320			0.024193		0.973333		0.966667
0.28_0.34_6.10e+00_7.32e-04_11.7__232			0.067027		0.855000		0.838333
0.28_0.34_6.10e+00_7.32e-04_7.1__145			0.142872		0.673333		0.703333
0.28_0.34_6.10e+00_7.32e-04_13.7__276			0.041484		0.918333		0.911667
0.28_0.34_6.10e+00_7.32e-04_17.3__341			0.021180		0.956667		0.965000
0.28_0.34_6.10e+00_7.32e-04_14.2__283			0.029062		0.943333		0.936667
0.28_0.34_6.10e+00_7.32e-04_14.2__282			0.064967		0.898333		0.886667
0.28_0.34_6.10e+00_7.32e-04_16.3__327			0.027114		0.963333		0.966667
0.28_0.34_6.10e+00_7.32e-04_17.3__342			0.036761		0.946667		0.948333
0.28_0.34_6.10e+00_7.32e-04_15.3__305			0.041973		0.938333		0.946667
0.28_0.34_6.10e+00_7.32e-04_22.9__459			0.022385		0.970000		0.961667
0.28_0.34_6.10e+00_7.32e-04_12.7__250			0.046826		0.895000		0.863333
0.28_0.34_6.10e+00_7.32e-04_10.2__206			0.068691		0.830000		0.856667
0.28_0.34_6.10e+00_7.32e-04_18.3__363			0.019303		0.971667		0.965000
0.28_0.34_6.10e+00_7.32e-04_24.4__488			0.016567		0.966667		0.966667
0.28_0.34_6.10e+00_7.32e-04_26.9__533			0.013239		0.975000		0.973333
0.28_0.34_6.10e+00_7.32e-04_8.1__168			0.121784		0.661667		0.643333
0.28_0.34_6.10e+00_7.32e-04_28.0__555			0.027479		0.971667		0.960000
0.28_0.34_6.10e+00_7.32e-04_5.6__119			0.162737		0.463333		0.478333
0.28_0.34_6.10e+00_7.32e-04_7.1__147			0.145137		0.605000		0.598333
0.28_0.34_6.10e+00_7.32e-04_15.8__313			0.022108		0.961667		0.945000
0.28_0.34_6.10e+00_7.32e-04_27.5__546			0.022278		0.970000		0.961667
0.28_0.34_6.10e+00_7.32e-04_8.1__167			0.136509		0.598333		0.643333
0.28_0.34_6.10e+00_7.32e-04_21.4__428			0.024369		0.960000		0.961667
0.28_0.34_6.10e+00_7.32e-04_9.7__190			0.073612		0.801667		0.810000
0.28_0.34_6.10e+00_7.32e-04_14.7__292			0.058237		0.916667		0.913333
0.28_0.34_6.10e+00_7.32e-04_16.8__336			0.028651		0.960000		0.955000
0.28_0.34_6.10e+00_7.32e-04_7.1__148			0.135434		0.573333		0.525000
0.28_0.34_6.10e+00_7.32e-04_28.0__551			0.015640		0.978333		0.976667
0.28_0.34_6.10e+00_7.32e-04_4.6__99			0.151423		0.460000		0.493333
0.28_0.34_6.10e+00_7.32e-04_8.1__164			0.193796		0.466667		0.456667
0.28_0.34_6.10e+00_7.32e-04_16.3__326			0.032249		0.956667		0.955000
0.28_0.34_6.10e+00_7.32e-04_23.4__468			0.017612		0.968333		0.968333
0.28_0.34_6.10e+00_7.32e-04_11.7__234			0.074184		0.866667		0.885000
0.28_0.34_6.10e+00_7.32e-04_24.4__483			0.015629		0.973333		0.968333
0.28_0.34_6.10e+00_7.32e-04_16.8__337			0.026280		0.968333		0.968333
0.28_0.34_6.10e+00_7.32e-04_9.2__181			0.076555		0.758333		0.766667
0.28_0.34_6.10e+00_7.32e-04_27.5__543			0.013091		0.975000		0.973333
0.28_0.34_6.10e+00_7.32e-04_15.8__314			0.027532		0.961667		0.960000
0.28_0.34_6.10e+00_7.32e-04_5.6__114			0.162694		0.556667		0.588333
0.28_0.34_6.10e+00_7.32e-04_9.7__199			0.083574		0.771667		0.750000
0.28_0.34_6.10e+00_7.32e-04_14.7__295			0.046271		0.943333		0.950000
0.28_0.34_6.10e+00_7.32e-04_7.1__149			0.130579		0.515000		0.561667
0.28_0.34_6.10e+00_7.32e-04_14.2__289			0.042510		0.955000		0.945000
0.28_0.34_6.10e+00_7.32e-04_11.2__224			0.075836		0.870000		0.886667
0.28_0.34_6.10e+00_7.32e-04_9.2__183			0.078227		0.818333		0.791667
0.28_0.34_6.10e+00_7.32e-04_2.5__50			0.177600		0.496667		0.548333
0.28_0.34_6.10e+00_7.32e-04_13.7__273			0.030223		0.931667		0.915000
0.28_0.34_6.10e+00_7.32e-04_16.3__325			0.041399		0.948333		0.945000
0.28_0.34_6.10e+00_7.32e-04_26.4__524			0.020789		0.976667		0.973333
0.28_0.34_6.10e+00_7.32e-04_17.3__343			0.021539		0.970000		0.965000
0.28_0.34_6.10e+00_7.32e-04_13.2__264			0.061477		0.896667		0.906667
0.28_0.34_6.10e+00_7.32e-04_26.4__522			0.020737		0.965000		0.971667
0.28_0.34_6.10e+00_7.32e-04_20.3__407			0.023141		0.971667		0.973333
0.28_0.34_6.10e+00_7.32e-04_10.2__205			0.073585		0.833333		0.820000
0.28_0.34_6.10e+00_7.32e-04_16.8__332			0.042297		0.946667		0.943333
0.28_0.34_6.10e+00_7.32e-04_11.7__231			0.056629		0.848333		0.848333
0.28_0.34_6.10e+00_7.32e-04_9.2__189			0.083043		0.768333		0.745000
0.28_0.34_6.10e+00_7.32e-04_8.6__179			0.080735		0.756667		0.756667
0.28_0.34_6.10e+00_7.32e-04_11.2__226			0.070586		0.858333		0.890000
0.28_0.34_6.10e+00_7.32e-04_13.2__269			0.044830		0.908333		0.885000
0.28_0.34_6.10e+00_7.32e-04_12.2__246			0.069539		0.853333		0.885000
0.28_0.34_6.10e+00_7.32e-04_15.3__307			0.030141		0.963333		0.965000
0.28_0.34_6.10e+00_7.32e-04_3.6__74			0.284635		0.361667		0.346667
0.28_0.34_6.10e+00_7.32e-04_14.2__288			0.032872		0.953333		0.958333
0.28_0.34_6.10e+00_7.32e-04_12.2__249			0.055331		0.911667		0.903333
0.28_0.34_6.10e+00_7.32e-04_9.7__198			0.071113		0.778333		0.748333
0.28_0.34_6.10e+00_7.32e-04_9.2__187			0.100111		0.748333		0.775000
0.28_0.34_6.10e+00_7.32e-04_8.1__161			0.095792		0.713333		0.725000
0.28_0.34_6.10e+00_7.32e-04_15.8__317			0.030466		0.965000		0.956667
0.28_0.34_6.10e+00_7.32e-04_5.6__118			0.178656		0.406667		0.378333
0.28_0.34_6.10e+00_7.32e-04_5.6__111			0.142035		0.590000		0.570000
0.28_0.34_6.10e+00_7.32e-04_18.8__373			0.017794		0.980000		0.968333
0.28_0.34_6.10e+00_7.32e-04_5.6__113			0.152980		0.575000		0.565000
0.28_0.34_6.10e+00_7.32e-04_8.1__160			0.110394		0.713333		0.723333
0.28_0.34_6.10e+00_7.32e-04_1.0__23			0.162961		0.588333		0.568333
0.28_0.34_6.10e+00_7.32e-04_22.4__440			0.017285		0.981667		0.970000
0.28_0.34_6.10e+00_7.32e-04_7.1__146			0.120232		0.586667		0.598333
0.28_0.34_6.10e+00_7.32e-04_13.2__266			0.044313		0.906667		0.923333
0.28_0.34_6.10e+00_7.32e-04_9.7__191			0.069039		0.803333		0.788333
0.28_0.34_6.10e+00_7.32e-04_13.2__262			0.056048		0.898333		0.876667
0.28_0.34_6.10e+00_7.32e-04_5.6__116			0.144591		0.613333		0.618333
0.28_0.34_6.10e+00_7.32e-04_14.7__296			0.037508		0.951667		0.946667
0.28_0.34_6.10e+00_7.32e-04_9.7__193			0.073034		0.828333		0.808333
0.28_0.34_6.10e+00_7.32e-04_22.9__454			0.020814		0.973333		0.975000
0.28_0.34_6.10e+00_7.32e-04_7.1__142			0.156125		0.538333		0.526667
0.28_0.34_6.10e+00_7.32e-04_15.8__312			0.044955		0.935000		0.930000
0.28_0.34_6.10e+00_7.32e-04_12.7__253			0.048350		0.903333		0.890000
0.28_0.34_6.10e+00_7.32e-04_10.2__209			0.078734		0.796667		0.778333
0.28_0.34_6.10e+00_7.32e-04_26.4__529			0.024608		0.951667		0.955000
0.28_0.34_6.10e+00_7.32e-04_21.9__436			0.020996		0.973333		0.961667
0.28_0.34_6.10e+00_7.32e-04_7.1__143			0.138017		0.575000		0.563333
0.28_0.34_6.10e+00_7.32e-04_8.6__175			0.133818		0.673333		0.693333
0.28_0.34_6.10e+00_7.32e-04_7.6__152			0.154223		0.543333		0.533333
0.28_0.34_6.10e+00_7.32e-04_3.6__77			0.158655		0.516667		0.493333
0.28_0.34_6.10e+00_7.32e-04_12.2__248			0.057766		0.855000		0.848333
0.28_0.34_6.10e+00_7.32e-04_12.7__257			0.062866		0.853333		0.876667
0.28_0.34_6.10e+00_7.32e-04_6.1__128			0.173285		0.433333		0.411667
0.28_0.34_6.10e+00_7.32e-04_3.1__65			0.156453		0.578333		0.586667
0.28_0.34_6.10e+00_7.32e-04_8.1__162			0.166920		0.495000		0.493333
0.28_0.34_6.10e+00_7.32e-04_9.7__194			0.086172		0.791667		0.808333
0.28_0.34_6.10e+00_7.32e-04_25.4__508			0.018927		0.965000		0.966667
0.28_0.34_6.10e+00_7.32e-04_7.1__140			0.123999		0.623333		0.650000
0.28_0.34_6.10e+00_7.32e-04_2.5__53			0.156227		0.578333		0.558333
0.28_0.34_6.10e+00_7.32e-04_3.6__79			0.154296		0.448333		0.465000
0.28_0.34_6.10e+00_7.32e-04_9.2__184			0.086624		0.788333		0.803333
0.28_0.34_6.10e+00_7.32e-04_18.3__366			0.026075		0.963333		0.961667
0.28_0.34_6.10e+00_7.32e-04_4.1__85			0.153373		0.553333		0.565000
0.28_0.34_6.10e+00_7.32e-04_14.2__284			0.032854		0.971667		0.960000
0.28_0.34_6.10e+00_7.32e-04_6.1__121			0.142761		0.578333		0.568333
0.28_0.34_6.10e+00_7.32e-04_7.1__144			0.200245		0.463333		0.451667
0.28_0.34_6.10e+00_7.32e-04_24.4__487			0.019707		0.981667		0.975000
0.28_0.34_6.10e+00_7.32e-04_14.7__293			0.029050		0.951667		0.940000
0.28_0.34_6.10e+00_7.32e-04_5.1__103			0.151134		0.568333		0.558333
0.28_0.34_6.10e+00_7.32e-04_3.6__72			0.181376		0.403333		0.388333
0.28_0.34_6.10e+00_7.32e-04_23.9__472			0.023159		0.963333		0.965000
0.28_0.34_6.10e+00_7.32e-04_22.9__455			0.026030		0.973333		0.958333
0.28_0.34_6.10e+00_7.32e-04_14.2__286			0.040786		0.938333		0.941667
0.28_0.34_6.10e+00_7.32e-04_14.2__287			0.038110		0.961667		0.956667
0.28_0.34_6.10e+00_7.32e-04_2.0__43			0.140292		0.573333		0.570000
0.28_0.34_6.10e+00_7.32e-04_5.1__106			0.145702		0.620000		0.626667
0.28_0.34_6.10e+00_7.32e-04_3.6__73			0.193403		0.371667		0.363333
0.28_0.34_6.10e+00_7.32e-04_15.3__308			0.026854		0.953333		0.931667
0.28_0.34_6.10e+00_7.32e-04_13.7__272			0.091617		0.836667		0.801667
0.28_0.34_6.10e+00_7.32e-04_17.8__354			0.025162		0.965000		0.973333
0.28_0.34_6.10e+00_7.32e-04_11.2__223			0.057093		0.883333		0.856667
0.28_0.34_6.10e+00_7.32e-04_9.7__197			0.082512		0.790000		0.808333
0.28_0.34_6.10e+00_7.32e-04_23.4__469			0.022943		0.963333		0.953333
0.28_0.34_6.10e+00_7.32e-04_2.0__48			0.177584		0.401667		0.376667
0.28_0.34_6.10e+00_7.32e-04_27.5__547			0.019783		0.973333		0.976667
0.28_0.34_6.10e+00_7.32e-04_20.3__406			0.020295		0.970000		0.963333
0.28_0.34_6.10e+00_7.32e-04_14.7__298			0.033789		0.950000		0.953333
0.28_0.34_6.10e+00_7.32e-04_12.7__251			0.042004		0.898333		0.905000
0.28_0.34_6.10e+00_7.32e-04_8.1__169			0.097181		0.683333		0.678333
0.28_0.34_6.10e+00_7.32e-04_0.5__19			0.117137		0.688333		0.698333
0.28_0.34_6.10e+00_7.32e-04_12.7__255			0.063595		0.880000		0.851667
0.28_0.34_6.10e+00_7.32e-04_11.7__236			0.070209		0.851667		0.883333
0.28_0.34_6.10e+00_7.32e-04_13.7__275			0.051539		0.913333		0.890000
0.28_0.34_6.10e+00_7.32e-04_1.5__33			0.122672		0.578333		0.573333
0.28_0.34_6.10e+00_7.32e-04_4.1__86			0.183668		0.386667		0.395000
0.28_0.34_6.10e+00_7.32e-04_13.7__271			0.046821		0.891667		0.895000
0.28_0.34_6.10e+00_7.32e-04_5.1__102			0.171439		0.495000		0.485000
0.28_0.34_6.10e+00_7.32e-04_10.2__202			0.084309		0.795000		0.780000
0.28_0.34_6.10e+00_7.32e-04_7.6__159			0.141297		0.531667		0.545000
0.28_0.34_6.10e+00_7.32e-04_10.7__214			0.085439		0.826667		0.833333
0.28_0.34_6.10e+00_7.32e-04_5.1__105			0.161398		0.583333		0.600000
0.28_0.34_6.10e+00_7.32e-04_20.3__409			0.024867		0.963333		0.958333
0.28_0.34_6.10e+00_7.32e-04_25.9__511			0.016290		0.975000		0.975000
0.28_0.34_6.10e+00_7.32e-04_21.9__431			0.014388		0.978333		0.975000
0.28_0.34_6.10e+00_7.32e-04_2.0__49			0.134616		0.685000		0.696667
0.28_0.34_6.10e+00_7.32e-04_24.4__481			0.016417		0.971667		0.973333
0.28_0.34_6.10e+00_7.32e-04_10.2__207			0.081248		0.801667		0.815000
0.28_0.34_6.10e+00_7.32e-04_17.8__355			0.034458		0.956667		0.951667
0.28_0.34_6.10e+00_7.32e-04_15.3__303			0.027375		0.955000		0.945000
0.28_0.34_6.10e+00_7.32e-04_17.8__358			0.023357		0.961667		0.956667
0.28_0.34_6.10e+00_7.32e-04_2.5__54			0.281674		0.358333		0.345000
0.28_0.34_6.10e+00_7.32e-04_1.0__29			0.137172		0.646667		0.653333
0.28_0.34_6.10e+00_7.32e-04_12.7__254			0.074918		0.866667		0.888333
0.28_0.34_6.10e+00_7.32e-04_22.4__449			0.022312		0.968333		0.955000
0.28_0.34_6.10e+00_7.32e-04_10.2__204			0.077443		0.846667		0.878333
0.28_0.34_6.10e+00_7.32e-04_11.2__221			0.057474		0.848333		0.843333
0.28_0.34_6.10e+00_7.32e-04_5.1__108			0.172252		0.425000		0.408333
0.28_0.34_6.10e+00_7.32e-04_6.6__130			0.167174		0.565000		0.610000
0.28_0.34_6.10e+00_7.32e-04_14.7__291			0.023267		0.950000		0.956667
0.28_0.34_6.10e+00_7.32e-04_15.3__302			0.063149		0.916667		0.910000
0.28_0.34_6.10e+00_7.32e-04_8.1__166			0.102904		0.715000		0.678333
0.28_0.34_6.10e+00_7.32e-04_10.2__203			0.068515		0.835000		0.806667
0.28_0.34_6.10e+00_7.32e-04_4.6__94			0.189837		0.461667		0.438333
0.28_0.34_6.10e+00_7.32e-04_15.8__316			0.032557		0.955000		0.955000
0.28_0.34_6.10e+00_7.32e-04_5.1__107			0.152510		0.553333		0.535000
0.28_0.34_6.10e+00_7.32e-04_27.5__549			0.026179		0.948333		0.946667
0.28_0.34_6.10e+00_7.32e-04_11.2__228			0.057780		0.860000		0.823333
0.28_0.34_6.10e+00_7.32e-04_12.7__258			0.044217		0.886667		0.868333
0.28_0.34_6.10e+00_7.32e-04_3.1__61			0.168297		0.410000		0.373333
0.28_0.34_6.10e+00_7.32e-04_1.5__36			0.146805		0.598333		0.616667
0.28_0.34_6.10e+00_7.32e-04_11.2__222			0.068940		0.848333		0.831667
0.28_0.34_6.10e+00_7.32e-04_7.6__158			0.130849		0.601667		0.558333
0.28_0.34_6.10e+00_7.32e-04_16.8__335			0.038596		0.951667		0.941667
0.28_0.34_6.10e+00_7.32e-04_3.1__66			0.173393		0.631667		0.636667
0.28_0.34_6.10e+00_7.32e-04_11.2__225			0.064800		0.866667		0.850000
0.28_0.34_6.10e+00_7.32e-04_13.2__267			0.048294		0.933333		0.940000
0.28_0.34_6.10e+00_7.32e-04_0.5__13			0.132822		0.580000		0.576667
0.28_0.34_6.10e+00_7.32e-04_1.5__31			0.137323		0.498333		0.478333
0.28_0.34_6.10e+00_7.32e-04_4.6__98			0.193750		0.410000		0.373333
0.28_0.34_6.10e+00_7.32e-04_13.2__268			0.037947		0.920000		0.916667
0.28_0.34_6.10e+00_7.32e-04_12.2__245			0.063295		0.873333		0.848333
0.28_0.34_6.10e+00_7.32e-04_17.8__350			0.022684		0.985000		0.970000
0.28_0.34_6.10e+00_7.32e-04_3.1__60			0.210856		0.353333		0.390000
0.28_0.34_6.10e+00_7.32e-04_9.7__196			0.072071		0.796667		0.820000
0.28_0.34_6.10e+00_7.32e-04_21.9__438			0.023260		0.956667		0.963333
0.28_0.34_6.10e+00_7.32e-04_3.6__75			0.181238		0.381667		0.366667
0.28_0.34_6.10e+00_7.32e-04_6.1__122			0.170265		0.476667		0.465000
0.28_0.34_6.10e+00_7.32e-04_21.9__430			0.015906		0.980000		0.968333
0.28_0.34_6.10e+00_7.32e-04_23.9__478			0.018039		0.965000		0.961667
0.28_0.34_6.10e+00_7.32e-04_8.6__177			0.110130		0.690000		0.733333
0.28_0.34_6.10e+00_7.32e-04_26.9__534			0.022274		0.971667		0.973333
0.28_0.34_6.10e+00_7.32e-04_17.8__352			0.042383		0.948333		0.953333
0.28_0.34_6.10e+00_7.32e-04_0.0__2			0.167923		0.506667		0.508333
0.28_0.34_6.10e+00_7.32e-04_20.3__400			0.018042		0.978333		0.961667
0.28_0.34_6.10e+00_7.32e-04_1.5__39			0.137764		0.626667		0.666667
0.28_0.34_6.10e+00_7.32e-04_13.2__263			0.036819		0.945000		0.931667
0.28_0.34_6.10e+00_7.32e-04_2.0__46			0.138604		0.566667		0.580000
0.28_0.34_6.10e+00_7.32e-04_2.0__42			0.162964		0.475000		0.465000
0.28_0.34_6.10e+00_7.32e-04_5.6__110			0.152244		0.573333		0.613333
0.28_0.34_6.10e+00_7.32e-04_3.1__69			0.151256		0.426667		0.453333
0.28_0.34_6.10e+00_7.32e-04_18.8__372			0.030971		0.953333		0.966667
0.28_0.34_6.10e+00_7.32e-04_13.7__278			0.038725		0.951667		0.941667
0.28_0.34_6.10e+00_7.32e-04_1.5__38			0.179891		0.573333		0.541667
0.28_0.34_6.10e+00_7.32e-04_18.3__360			0.017113		0.983333		0.978333
0.28_0.34_6.10e+00_7.32e-04_1.0__27			0.134828		0.591667		0.570000
0.28_0.34_6.10e+00_7.32e-04_19.3__387			0.021798		0.975000		0.971667
0.28_0.34_6.10e+00_7.32e-04_5.1__100			0.190897		0.358333		0.410000
0.28_0.34_6.10e+00_7.32e-04_12.2__243			0.052398		0.888333		0.871667
0.28_0.34_6.10e+00_7.32e-04_6.1__120			0.145797		0.573333		0.605000
0.28_0.34_6.10e+00_7.32e-04_10.2__201			0.062983		0.815000		0.808333
0.28_0.34_6.10e+00_7.32e-04_7.6__156			0.121327		0.598333		0.616667
0.28_0.34_6.10e+00_7.32e-04_21.4__426			0.022168		0.971667		0.961667
0.28_0.34_6.10e+00_7.32e-04_15.3__309			0.039351		0.955000		0.931667
0.28_0.34_6.10e+00_7.32e-04_2.5__56			0.137545		0.570000		0.580000
0.28_0.34_6.10e+00_7.32e-04_20.8__412			0.025839		0.965000		0.965000
0.28_0.34_6.10e+00_7.32e-04_2.5__51			0.175953		0.413333		0.385000
0.28_0.34_6.10e+00_7.32e-04_28.0__553			0.013269		0.978333		0.971667
0.28_0.34_6.10e+00_7.32e-04_1.0__21			0.128853		0.655000		0.646667
0.28_0.34_6.10e+00_7.32e-04_11.7__230			0.053581		0.885000		0.856667
0.28_0.34_6.10e+00_7.32e-04_16.8__331			0.020980		0.955000		0.958333
0.28_0.34_6.10e+00_7.32e-04_0.5__12			0.156907		0.530000		0.531667
0.28_0.34_6.10e+00_7.32e-04_4.6__90			0.214133		0.353333		0.391667
0.28_0.34_6.10e+00_7.32e-04_4.6__95			0.158431		0.525000		0.545000
0.28_0.34_6.10e+00_7.32e-04_5.6__115			0.149829		0.585000		0.593333
0.28_0.34_6.10e+00_7.32e-04_10.7__216			0.085361		0.840000		0.861667
0.28_0.34_6.10e+00_7.32e-04_18.8__370			0.017514		0.980000		0.963333
0.28_0.34_6.10e+00_7.32e-04_12.2__244			0.073130		0.866667		0.890000
0.28_0.34_6.10e+00_7.32e-04_16.3__323			0.023190		0.960000		0.948333
0.28_0.34_6.10e+00_7.32e-04_5.1__104			0.172228		0.586667		0.593333
0.28_0.34_6.10e+00_7.32e-04_1.0__26			0.136826		0.556667		0.573333
0.28_0.34_6.10e+00_7.32e-04_18.3__368			0.021419		0.948333		0.945000
0.28_0.34_6.10e+00_7.32e-04_20.8__415			0.028414		0.975000		0.966667
0.28_0.34_6.10e+00_7.32e-04_22.9__451			0.015441		0.975000		0.980000
0.28_0.34_6.10e+00_7.32e-04_6.6__131			0.142754		0.525000		0.533333
0.28_0.34_6.10e+00_7.32e-04_25.4__505			0.026101		0.971667		0.961667
0.28_0.34_6.10e+00_7.32e-04_0.0__7			0.124220		0.595000		0.588333
0.28_0.34_6.10e+00_7.32e-04_7.6__153			0.126640		0.571667		0.561667
0.28_0.34_6.10e+00_7.32e-04_8.1__163			0.110767		0.576667		0.568333
0.28_0.34_6.10e+00_7.32e-04_6.1__129			0.174402		0.441667		0.445000
0.28_0.34_6.10e+00_7.32e-04_1.0__25			0.165139		0.553333		0.563333
0.28_0.34_6.10e+00_7.32e-04_3.1__67			0.186605		0.395000		0.376667
0.28_0.34_6.10e+00_7.32e-04_23.4__464			0.020068		0.976667		0.980000
0.28_0.34_6.10e+00_7.32e-04_16.3__329			0.032589		0.971667		0.956667
0.28_0.34_6.10e+00_7.32e-04_11.7__235			0.064028		0.871667		0.845000
0.28_0.34_6.10e+00_7.32e-04_7.6__150			0.119727		0.668333		0.721667
0.28_0.34_6.10e+00_7.32e-04_21.4__429			0.024997		0.963333		0.955000
0.28_0.34_6.10e+00_7.32e-04_21.4__422			0.029123		0.961667		0.963333
0.28_0.34_6.10e+00_7.32e-04_8.6__170			0.108084		0.730000		0.731667
0.28_0.34_6.10e+00_7.32e-04_1.5__32			0.160107		0.520000		0.513333
0.28_0.34_6.10e+00_7.32e-04_21.9__434			0.021634		0.971667		0.975000
0.28_0.34_6.10e+00_7.32e-04_1.5__37			0.141457		0.575000		0.561667
0.28_0.34_6.10e+00_7.32e-04_2.5__58			0.173517		0.408333		0.383333
0.28_0.34_6.10e+00_7.32e-04_1.5__35			0.180673		0.505000		0.541667
0.28_0.34_6.10e+00_7.32e-04_14.7__290			0.027224		0.958333		0.956667
0.28_0.34_6.10e+00_7.32e-04_3.6__70			0.211209		0.351667		0.386667
0.28_0.34_6.10e+00_7.32e-04_0.0__1			0.112448		0.705000		0.696667
0.28_0.34_6.10e+00_7.32e-04_1.0__20			0.152043		0.571667		0.620000
0.28_0.34_6.10e+00_7.32e-04_8.6__174			0.185523		0.470000		0.450000
0.28_0.34_6.10e+00_7.32e-04_11.7__237			0.063916		0.856667		0.873333
0.28_0.34_6.10e+00_7.32e-04_6.6__137			0.145271		0.605000		0.598333
0.28_0.34_6.10e+00_7.32e-04_6.1__123			0.138432		0.575000		0.568333
0.28_0.34_6.10e+00_7.32e-04_18.3__365			0.038138		0.951667		0.943333
0.28_0.34_6.10e+00_7.32e-04_5.1__109			0.162285		0.455000		0.456667
0.28_0.34_6.10e+00_7.32e-04_0.5__16			0.131272		0.583333		0.600000
0.28_0.34_6.10e+00_7.32e-04_4.6__96			0.161496		0.626667		0.626667
0.28_0.34_6.10e+00_7.32e-04_10.7__211			0.062719		0.806667		0.803333
0.28_0.34_6.10e+00_7.32e-04_8.6__173			0.098233		0.710000		0.690000
0.28_0.34_6.10e+00_7.32e-04_18.3__369			0.026458		0.958333		0.956667
0.28_0.34_6.10e+00_7.32e-04_14.7__297			0.032911		0.963333		0.955000
0.28_0.34_6.10e+00_7.32e-04_9.2__182			0.095013		0.771667		0.746667
0.28_0.34_6.10e+00_7.32e-04_17.8__357			0.023873		0.971667		0.970000
0.28_0.34_6.10e+00_7.32e-04_24.9__496			0.021298		0.970000		0.960000
0.28_0.34_6.10e+00_7.32e-04_4.6__93			0.197337		0.376667		0.368333
0.28_0.34_6.10e+00_7.32e-04_11.2__229			0.058142		0.845000		0.828333
0.28_0.34_6.10e+00_7.32e-04_20.3__401			0.015535		0.968333		0.973333
0.28_0.34_6.10e+00_7.32e-04_3.1__64			0.284789		0.363333		0.346667
0.28_0.34_6.10e+00_7.32e-04_6.6__134			0.217538		0.470000		0.456667
0.28_0.34_6.10e+00_7.32e-04_5.6__117			0.151771		0.550000		0.533333
0.28_0.34_6.10e+00_7.32e-04_15.8__315			0.038095		0.948333		0.955000
0.28_0.34_6.10e+00_7.32e-04_5.6__112			0.168458		0.478333		0.473333
0.28_0.34_6.10e+00_7.32e-04_0.0__0			0.131041		0.593333		0.633333
0.28_0.34_6.10e+00_7.32e-04_1.5__30			0.180156		0.401667		0.466667
0.28_0.34_6.10e+00_7.32e-04_8.6__172			0.134510		0.640000		0.608333
0.28_0.34_6.10e+00_7.32e-04_4.1__82			0.175980		0.421667		0.411667
0.28_0.34_6.10e+00_7.32e-04_18.8__371			0.017858		0.956667		0.958333
0.28_0.34_6.10e+00_7.32e-04_0.5__14			0.173055		0.581667		0.578333
0.28_0.34_6.10e+00_7.32e-04_7.1__141			0.115631		0.660000		0.666667
0.28_0.34_6.10e+00_7.32e-04_6.6__135			0.136000		0.678333		0.720000
0.28_0.34_6.10e+00_7.32e-04_18.3__367			0.023722		0.973333		0.971667
0.28_0.34_6.10e+00_7.32e-04_7.6__151			0.121453		0.673333		0.648333
0.28_0.34_6.10e+00_7.32e-04_8.6__171			0.092643		0.700000		0.710000
0.28_0.34_6.10e+00_7.32e-04_0.0__6			0.126506		0.561667		0.573333
0.28_0.34_6.10e+00_7.32e-04_0.5__10			0.129821		0.576667		0.625000
0.28_0.34_6.10e+00_7.32e-04_0.0__4			0.178232		0.566667		0.561667
0.28_0.34_6.10e+00_7.32e-04_4.6__97			0.144524		0.595000		0.590000
0.28_0.34_6.10e+00_7.32e-04_6.6__132			0.170188		0.475000		0.468333
0.28_0.34_6.10e+00_7.32e-04_19.8__394			0.023912		0.958333		0.980000
0.28_0.34_6.10e+00_7.32e-04_24.4__480			0.019607		0.971667		0.961667
0.28_0.34_6.10e+00_7.32e-04_3.1__68			0.164218		0.415000		0.393333
0.28_0.34_6.10e+00_7.32e-04_6.6__136			0.143036		0.615000		0.618333
0.28_0.34_6.10e+00_7.32e-04_10.7__219			0.074080		0.796667		0.795000
0.28_0.34_6.10e+00_7.32e-04_7.6__157			0.127767		0.620000		0.645000
0.28_0.34_6.10e+00_7.32e-04_10.7__213			0.065502		0.836667		0.811667
0.28_0.34_6.10e+00_7.32e-04_0.5__18			0.142724		0.600000		0.570000
0.28_0.34_6.10e+00_7.32e-04_1.0__28			0.176552		0.543333		0.530000
0.28_0.34_6.10e+00_7.32e-04_25.9__514			0.019487		0.976667		0.978333
0.28_0.34_6.10e+00_7.32e-04_2.5__52			0.169068		0.463333		0.456667
0.28_0.34_6.10e+00_7.32e-04_9.7__192			0.092429		0.783333		0.756667
0.28_0.34_6.10e+00_7.32e-04_6.6__139			0.157565		0.563333		0.581667
0.28_0.34_6.10e+00_7.32e-04_2.0__47			0.146946		0.575000		0.558333
0.28_0.34_6.10e+00_7.32e-04_2.0__44			0.281335		0.360000		0.345000
0.28_0.34_6.10e+00_7.32e-04_4.1__89			0.155298		0.431667		0.456667
0.28_0.34_6.10e+00_7.32e-04_8.6__178			0.093988		0.750000		0.720000
0.28_0.34_6.10e+00_7.32e-04_6.6__138			0.175329		0.501667		0.490000
0.28_0.34_6.10e+00_7.32e-04_15.3__301			0.023714		0.951667		0.960000
0.28_0.34_6.10e+00_7.32e-04_10.7__215			0.073515		0.831667		0.813333
0.28_0.34_6.10e+00_7.32e-04_15.8__318			0.024070		0.951667		0.951667
0.28_0.34_6.10e+00_7.32e-04_6.1__125			0.144188		0.591667		0.605000
0.28_0.34_6.10e+00_7.32e-04_1.0__24			0.175294		0.578333		0.586667
0.28_0.34_6.10e+00_7.32e-04_11.7__233			0.052992		0.888333		0.866667
0.28_0.34_6.10e+00_7.32e-04_4.1__88			0.194071		0.401667		0.371667
0.28_0.34_6.10e+00_7.32e-04_3.6__71			0.165643		0.406667		0.380000
0.28_0.34_6.10e+00_7.32e-04_19.3__382			0.031563		0.958333		0.961667
0.28_0.34_6.10e+00_7.32e-04_11.7__239			0.057962		0.865000		0.840000
0.28_0.34_6.10e+00_7.32e-04_17.3__347			0.025375		0.965000		0.970000
0.28_0.34_6.10e+00_7.32e-04_6.1__126			0.133060		0.591667		0.603333
0.28_0.34_6.10e+00_7.32e-04_0.5__15			0.139366		0.568333		0.570000
0.28_0.34_6.10e+00_7.32e-04_8.6__176			0.104860		0.693333		0.671667
0.28_0.34_6.10e+00_7.32e-04_7.6__154			0.204652		0.460000		0.451667
0.28_0.34_6.10e+00_7.32e-04_0.0__3			0.130338		0.595000		0.581667
0.28_0.34_6.10e+00_7.32e-04_5.1__101			0.157016		0.460000		0.446667
0.28_0.34_6.10e+00_7.32e-04_2.5__57			0.145320		0.588333		0.560000
0.28_0.34_6.10e+00_7.32e-04_4.6__92			0.173729		0.450000		0.436667
0.28_0.34_6.10e+00_7.32e-04_7.6__155			0.139206		0.685000		0.713333
0.28_0.34_6.10e+00_7.32e-04_11.2__227			0.064755		0.853333		0.876667
0.28_0.34_6.10e+00_7.32e-04_2.5__59			0.151100		0.626667		0.630000
0.28_0.34_6.10e+00_7.32e-04_2.0__41			0.150090		0.495000		0.478333
0.28_0.34_6.10e+00_7.32e-04_4.1__84			0.226721		0.370000		0.346667
0.28_0.34_6.10e+00_7.32e-04_4.6__91			0.158025		0.445000		0.441667
0.28_0.34_6.10e+00_7.32e-04_1.5__34			0.186823		0.560000		0.556667
0.28_0.34_6.10e+00_7.32e-04_0.0__5			0.129292		0.701667		0.730000
0.28_0.34_6.10e+00_7.32e-04_13.2__265			0.051055		0.915000		0.898333
0.28_0.34_6.10e+00_7.32e-04_18.3__361			0.020650		0.945000		0.956667
0.28_0.34_6.10e+00_7.32e-04_3.1__62			0.182407		0.395000		0.388333
0.28_0.34_6.10e+00_7.32e-04_10.7__212			0.069476		0.843333		0.823333
0.28_0.34_6.10e+00_7.32e-04_12.7__256			0.067284		0.896667		0.923333
0.28_0.34_6.10e+00_7.32e-04_2.5__55			0.168088		0.546667		0.566667
0.28_0.34_6.10e+00_7.32e-04_17.8__356			0.026668		0.960000		0.960000
0.28_0.34_6.10e+00_7.32e-04_9.7__195			0.091598		0.803333		0.775000
0.28_0.34_6.10e+00_7.32e-04_0.0__9			0.128438		0.711667		0.698333
0.28_0.34_6.10e+00_7.32e-04_8.1__165			0.134329		0.676667		0.696667
0.28_0.34_6.10e+00_7.32e-04_6.1__124			0.217278		0.481667		0.468333
0.28_0.34_6.10e+00_7.32e-04_25.4__503			0.013226		0.981667		0.973333
0.28_0.34_6.10e+00_7.32e-04_25.9__517			0.019722		0.973333		0.980000
0.28_0.34_6.10e+00_7.32e-04_12.2__242			0.066949		0.851667		0.833333
0.28_0.34_6.10e+00_7.32e-04_25.9__515			0.028382		0.975000		0.961667
0.28_0.34_6.10e+00_7.32e-04_21.9__435			0.032026		0.966667		0.950000
0.28_0.34_6.10e+00_7.32e-04_3.1__63			0.187449		0.413333		0.401667
0.28_0.34_6.10e+00_7.32e-04_0.5__11			0.114560		0.703333		0.695000
0.28_0.34_6.10e+00_7.32e-04_21.4__427			0.021642		0.978333		0.970000
0.28_0.34_6.10e+00_7.32e-04_3.6__76			0.192327		0.370000		0.378333
0.28_0.34_6.10e+00_7.32e-04_0.0__8			0.143453		0.586667		0.556667
0.28_0.34_6.10e+00_7.32e-04_2.0__45			0.167526		0.521667		0.555000
0.28_0.34_6.10e+00_7.32e-04_10.2__208			0.071436		0.783333		0.750000
0.28_0.34_6.10e+00_7.32e-04_1.0__22			0.167886		0.490000		0.485000
0.28_0.34_6.10e+00_7.32e-04_3.6__78			0.194657		0.405000		0.375000
0.28_0.34_6.10e+00_7.32e-04_4.1__81			0.179687		0.405000		0.378333
0.28_0.34_6.10e+00_7.32e-04_0.5__17			0.117462		0.608333		0.591667
0.28_0.34_6.10e+00_7.32e-04_10.2__200			0.073915		0.803333		0.806667
0.28_0.34_6.10e+00_7.32e-04_4.1__87			0.159679		0.520000		0.491667
0.28_0.34_6.10e+00_7.32e-04_14.7__299			0.041437		0.966667		0.951667
0.28_0.34_6.10e+00_7.32e-04_4.1__83			0.196311		0.380000		0.371667
0.28_0.34_6.10e+00_7.32e-04_12.2__247			0.062750		0.856667		0.871667
0.28_0.34_6.10e+00_7.32e-04_9.2__185			0.134714		0.670000		0.696667
0.28_0.34_6.10e+00_7.32e-04_4.1__80			0.210102		0.355000		0.390000
0.28_0.34_6.10e+00_7.32e-04_6.6__133			0.131441		0.570000		0.561667
0.28_0.34_6.10e+00_7.32e-04_19.3__389			0.025172		0.956667		0.950000
0.28_0.34_6.10e+00_7.32e-04_19.8__397			0.018979		0.983333		0.976667
0.28_0.34_6.10e+00_7.32e-04_2.0__40			0.170401		0.496667		0.545000
0.28_0.34_6.10e+00_7.32e-04_15.8__311			0.023774		0.953333		0.960000
0.28_0.34_6.10e+00_7.32e-04_28.5__560			0.015515		0.983333		0.966667
