id			last val		val acc		test acc
0.28_0.34_6.10e+00_7.32e-04_8.0__77			0.127250		0.571667		0.573333
0.28_0.34_6.10e+00_7.32e-04_50.0__496			0.135166		0.548333		0.566667
0.28_0.34_6.10e+00_7.32e-04_1.0__5			0.185124		0.548333		0.581667
0.28_0.34_6.10e+00_7.32e-04_43.0__427			0.126654		0.638333		0.638333
0.28_0.34_6.10e+00_7.32e-04_19.0__181			0.127031		0.640000		0.650000
0.28_0.34_6.10e+00_7.32e-04_16.0__151			0.125050		0.655000		0.673333
0.28_0.34_6.10e+00_7.32e-04_30.0__295			0.149781		0.646667		0.696667
0.28_0.34_6.10e+00_7.32e-04_34.0__337			0.126462		0.616667		0.618333
0.28_0.34_6.10e+00_7.32e-04_2.0__13			0.111527		0.600000		0.586667
0.28_0.34_6.10e+00_7.32e-04_1.0__7			0.133646		0.611667		0.603333
0.28_0.34_6.10e+00_7.32e-04_23.0__227			0.125458		0.621667		0.618333
0.28_0.34_6.10e+00_7.32e-04_18.0__170			0.119171		0.581667		0.623333
0.28_0.34_6.10e+00_7.32e-04_45.0__444			0.150783		0.561667		0.595000
0.28_0.34_6.10e+00_7.32e-04_8.0__70			0.119892		0.583333		0.621667
0.28_0.34_6.10e+00_7.32e-04_13.0__123			0.117339		0.580000		0.570000
0.28_0.34_6.10e+00_7.32e-04_48.0__471			0.133645		0.641667		0.665000
0.28_0.34_6.10e+00_7.32e-04_17.0__160			0.119606		0.580000		0.621667
0.28_0.34_6.10e+00_7.32e-04_41.0__401			0.131292		0.646667		0.668333
0.28_0.34_6.10e+00_7.32e-04_18.0__179			0.130967		0.638333		0.645000
0.28_0.34_6.10e+00_7.32e-04_60.0__597			0.127790		0.636667		0.646667
0.28_0.34_6.10e+00_7.32e-04_26.0__253			0.118864		0.586667		0.568333
0.28_0.34_6.10e+00_7.32e-04_6.0__55			0.154611		0.643333		0.683333
0.28_0.34_6.10e+00_7.32e-04_40.0__390			0.118850		0.581667		0.623333
0.28_0.34_6.10e+00_7.32e-04_35.0__347			0.126506		0.616667		0.618333
0.28_0.34_6.10e+00_7.32e-04_6.0__59			0.127953		0.666667		0.678333
0.28_0.34_6.10e+00_7.32e-04_36.0__359			0.134139		0.601667		0.611667
0.28_0.34_6.10e+00_7.32e-04_32.0__312			0.132395		0.593333		0.571667
0.28_0.34_6.10e+00_7.32e-04_22.0__216			0.129381		0.563333		0.581667
0.28_0.34_6.10e+00_7.32e-04_22.0__214			0.149370		0.560000		0.593333
0.28_0.34_6.10e+00_7.32e-04_46.0__455			0.154733		0.616667		0.656667
0.28_0.34_6.10e+00_7.32e-04_21.0__207			0.125781		0.603333		0.605000
0.28_0.34_6.10e+00_7.32e-04_33.0__321			0.130796		0.626667		0.643333
0.28_0.34_6.10e+00_7.32e-04_58.0__572			0.134555		0.591667		0.570000
0.28_0.34_6.10e+00_7.32e-04_33.0__320			0.119210		0.581667		0.623333
0.28_0.34_6.10e+00_7.32e-04_52.0__517			0.127236		0.633333		0.646667
0.28_0.34_6.10e+00_7.32e-04_2.0__16			0.153245		0.545000		0.563333
0.28_0.34_6.10e+00_7.32e-04_59.0__583			0.118408		0.645000		0.626667
0.28_0.34_6.10e+00_7.32e-04_47.0__469			0.134137		0.588333		0.610000
0.28_0.34_6.10e+00_7.32e-04_26.0__250			0.119961		0.586667		0.623333
0.28_0.34_6.10e+00_7.32e-04_5.0__42			0.119917		0.633333		0.583333
0.28_0.34_6.10e+00_7.32e-04_54.0__538			0.125803		0.681667		0.645000
0.28_0.34_6.10e+00_7.32e-04_56.0__553			0.116493		0.663333		0.651667
0.28_0.34_6.10e+00_7.32e-04_1.0__6			0.210815		0.540000		0.553333
0.28_0.34_6.10e+00_7.32e-04_49.0__483			0.117221		0.636667		0.618333
0.28_0.34_6.10e+00_7.32e-04_16.0__153			0.116884		0.583333		0.568333
0.28_0.34_6.10e+00_7.32e-04_13.0__126			0.130909		0.563333		0.581667
0.28_0.34_6.10e+00_7.32e-04_3.0__28			0.118447		0.730000		0.716667
0.28_0.34_6.10e+00_7.32e-04_20.0__195			0.149131		0.651667		0.701667
0.28_0.34_6.10e+00_7.32e-04_1.0__0			0.167280		0.566667		0.596667
0.28_0.34_6.10e+00_7.32e-04_21.0__202			0.133216		0.588333		0.571667
0.28_0.34_6.10e+00_7.32e-04_6.0__54			0.149404		0.558333		0.593333
0.28_0.34_6.10e+00_7.32e-04_46.0__453			0.118955		0.618333		0.605000
0.28_0.34_6.10e+00_7.32e-04_30.0__297			0.127083		0.605000		0.595000
0.28_0.34_6.10e+00_7.32e-04_60.0__593			0.117517		0.658333		0.646667
0.28_0.34_6.10e+00_7.32e-04_15.0__146			0.129392		0.565000		0.583333
0.28_0.34_6.10e+00_7.32e-04_39.0__380			0.119255		0.580000		0.623333
0.28_0.34_6.10e+00_7.32e-04_1.0__3			0.120578		0.585000		0.565000
0.28_0.34_6.10e+00_7.32e-04_20.0__191			0.127164		0.640000		0.651667
0.28_0.34_6.10e+00_7.32e-04_26.0__258			0.127648		0.705000		0.668333
0.28_0.34_6.10e+00_7.32e-04_54.0__533			0.116535		0.660000		0.638333
0.28_0.34_6.10e+00_7.32e-04_58.0__578			0.125589		0.695000		0.651667
0.28_0.34_6.10e+00_7.32e-04_20.0__197			0.125421		0.608333		0.605000
0.28_0.34_6.10e+00_7.32e-04_25.0__241			0.128442		0.641667		0.655000
0.28_0.34_6.10e+00_7.32e-04_14.0__137			0.125747		0.571667		0.576667
0.28_0.34_6.10e+00_7.32e-04_57.0__567			0.127342		0.651667		0.651667
0.28_0.34_6.10e+00_7.32e-04_3.0__29			0.124666		0.673333		0.691667
0.28_0.34_6.10e+00_7.32e-04_5.0__44			0.147469		0.556667		0.591667
0.28_0.34_6.10e+00_7.32e-04_47.0__465			0.154348		0.616667		0.655000
0.28_0.34_6.10e+00_7.32e-04_19.0__185			0.148508		0.651667		0.703333
0.28_0.34_6.10e+00_7.32e-04_9.0__81			0.124705		0.678333		0.691667
0.28_0.34_6.10e+00_7.32e-04_42.0__414			0.148718		0.556667		0.595000
0.28_0.34_6.10e+00_7.32e-04_34.0__333			0.117389		0.598333		0.586667
0.28_0.34_6.10e+00_7.32e-04_53.0__523			0.116329		0.661667		0.635000
0.28_0.34_6.10e+00_7.32e-04_36.0__350			0.119105		0.581667		0.623333
0.28_0.34_6.10e+00_7.32e-04_31.0__307			0.126726		0.613333		0.608333
0.28_0.34_6.10e+00_7.32e-04_5.0__43			0.114669		0.576667		0.568333
0.28_0.34_6.10e+00_7.32e-04_1.0__1			0.144024		0.663333		0.668333
0.28_0.34_6.10e+00_7.32e-04_11.0__107			0.126400		0.566667		0.576667
0.28_0.34_6.10e+00_7.32e-04_35.0__345			0.150744		0.633333		0.681667
0.28_0.34_6.10e+00_7.32e-04_58.0__570			0.119613		0.576667		0.616667
0.28_0.34_6.10e+00_7.32e-04_5.0__46			0.139499		0.565000		0.591667
0.28_0.34_6.10e+00_7.32e-04_8.0__72			0.122009		0.630000		0.581667
0.28_0.34_6.10e+00_7.32e-04_24.0__236			0.129872		0.560000		0.576667
0.28_0.34_6.10e+00_7.32e-04_8.0__71			0.124595		0.685000		0.693333
0.28_0.34_6.10e+00_7.32e-04_49.0__488			0.128252		0.680000		0.640000
0.28_0.34_6.10e+00_7.32e-04_49.0__482			0.134164		0.586667		0.571667
0.28_0.34_6.10e+00_7.32e-04_8.0__73			0.114876		0.580000		0.576667
0.28_0.34_6.10e+00_7.32e-04_60.0__596			0.136969		0.545000		0.561667
0.28_0.34_6.10e+00_7.32e-04_27.0__266			0.128914		0.563333		0.580000
0.28_0.34_6.10e+00_7.32e-04_22.0__211			0.127298		0.641667		0.653333
0.28_0.34_6.10e+00_7.32e-04_35.0__344			0.148230		0.560000		0.596667
0.28_0.34_6.10e+00_7.32e-04_36.0__358			0.127297		0.695000		0.655000
0.28_0.34_6.10e+00_7.32e-04_56.0__559			0.135430		0.586667		0.618333
0.28_0.34_6.10e+00_7.32e-04_50.0__490			0.119016		0.576667		0.616667
0.28_0.34_6.10e+00_7.32e-04_44.0__435			0.155319		0.618333		0.661667
0.28_0.34_6.10e+00_7.32e-04_20.0__192			0.129325		0.605000		0.586667
0.28_0.34_6.10e+00_7.32e-04_40.0__393			0.117411		0.623333		0.611667
0.28_0.34_6.10e+00_7.32e-04_18.0__178			0.124248		0.725000		0.693333
0.28_0.34_6.10e+00_7.32e-04_40.0__394			0.150097		0.560000		0.595000
0.28_0.34_6.10e+00_7.32e-04_7.0__66			0.131823		0.586667		0.596667
0.28_0.34_6.10e+00_7.32e-04_52.0__513			0.116245		0.651667		0.631667
0.28_0.34_6.10e+00_7.32e-04_43.0__429			0.134297		0.586667		0.611667
0.28_0.34_6.10e+00_7.32e-04_38.0__374			0.149451		0.560000		0.595000
0.28_0.34_6.10e+00_7.32e-04_32.0__314			0.150383		0.561667		0.596667
0.28_0.34_6.10e+00_7.32e-04_37.0__360			0.119702		0.580000		0.623333
0.28_0.34_6.10e+00_7.32e-04_7.0__63			0.114395		0.578333		0.568333
0.28_0.34_6.10e+00_7.32e-04_35.0__346			0.130769		0.556667		0.575000
0.28_0.34_6.10e+00_7.32e-04_3.0__20			0.116906		0.578333		0.610000
0.28_0.34_6.10e+00_7.32e-04_20.0__190			0.118943		0.586667		0.623333
0.28_0.34_6.10e+00_7.32e-04_8.0__74			0.149029		0.558333		0.593333
0.28_0.34_6.10e+00_7.32e-04_52.0__516			0.135989		0.548333		0.566667
0.28_0.34_6.10e+00_7.32e-04_19.0__189			0.131282		0.633333		0.641667
0.28_0.34_6.10e+00_7.32e-04_10.0__91			0.125295		0.678333		0.691667
0.28_0.34_6.10e+00_7.32e-04_31.0__309			0.135075		0.598333		0.611667
0.28_0.34_6.10e+00_7.32e-04_34.0__334			0.149486		0.556667		0.595000
0.28_0.34_6.10e+00_7.32e-04_6.0__52			0.118567		0.673333		0.620000
0.28_0.34_6.10e+00_7.32e-04_53.0__521			0.134429		0.646667		0.671667
0.28_0.34_6.10e+00_7.32e-04_6.0__53			0.114198		0.580000		0.568333
0.28_0.34_6.10e+00_7.32e-04_51.0__503			0.116237		0.653333		0.630000
0.28_0.34_6.10e+00_7.32e-04_50.0__494			0.150158		0.560000		0.590000
0.28_0.34_6.10e+00_7.32e-04_17.0__167			0.125634		0.595000		0.586667
0.28_0.34_6.10e+00_7.32e-04_21.0__206			0.127846		0.566667		0.585000
0.28_0.34_6.10e+00_7.32e-04_16.0__157			0.125778		0.590000		0.588333
0.28_0.34_6.10e+00_7.32e-04_39.0__386			0.132342		0.555000		0.573333
0.28_0.34_6.10e+00_7.32e-04_46.0__452			0.132120		0.588333		0.571667
0.28_0.34_6.10e+00_7.32e-04_37.0__364			0.149989		0.556667		0.593333
0.28_0.34_6.10e+00_7.32e-04_28.0__275			0.148962		0.645000		0.686667
0.28_0.34_6.10e+00_7.32e-04_19.0__186			0.129308		0.563333		0.583333
0.28_0.34_6.10e+00_7.32e-04_54.0__532			0.134909		0.586667		0.570000
0.28_0.34_6.10e+00_7.32e-04_56.0__552			0.131164		0.588333		0.573333
0.28_0.34_6.10e+00_7.32e-04_2.0__10			0.134002		0.576667		0.616667
0.28_0.34_6.10e+00_7.32e-04_5.0__49			0.128058		0.643333		0.680000
0.28_0.34_6.10e+00_7.32e-04_7.0__60			0.119746		0.580000		0.621667
0.28_0.34_6.10e+00_7.32e-04_11.0__102			0.129026		0.608333		0.585000
0.28_0.34_6.10e+00_7.32e-04_17.0__164			0.148405		0.558333		0.595000
0.28_0.34_6.10e+00_7.32e-04_28.0__276			0.129781		0.560000		0.578333
0.28_0.34_6.10e+00_7.32e-04_23.0__223			0.118392		0.586667		0.568333
0.28_0.34_6.10e+00_7.32e-04_53.0__527			0.127567		0.636667		0.636667
0.28_0.34_6.10e+00_7.32e-04_45.0__446			0.132304		0.550000		0.568333
0.28_0.34_6.10e+00_7.32e-04_18.0__173			0.116695		0.580000		0.570000
0.28_0.34_6.10e+00_7.32e-04_52.0__515			0.152229		0.621667		0.655000
0.28_0.34_6.10e+00_7.32e-04_57.0__568			0.126069		0.698333		0.655000
0.28_0.34_6.10e+00_7.32e-04_46.0__454			0.152171		0.556667		0.595000
0.28_0.34_6.10e+00_7.32e-04_15.0__141			0.124724		0.663333		0.683333
0.28_0.34_6.10e+00_7.32e-04_41.0__400			0.119386		0.578333		0.623333
0.28_0.34_6.10e+00_7.32e-04_16.0__155			0.149441		0.646667		0.700000
0.28_0.34_6.10e+00_7.32e-04_33.0__322			0.132389		0.590000		0.571667
0.28_0.34_6.10e+00_7.32e-04_34.0__332			0.132630		0.593333		0.571667
0.28_0.34_6.10e+00_7.32e-04_35.0__341			0.130503		0.645000		0.668333
0.28_0.34_6.10e+00_7.32e-04_44.0__437			0.126214		0.630000		0.646667
0.28_0.34_6.10e+00_7.32e-04_9.0__89			0.128600		0.655000		0.668333
0.28_0.34_6.10e+00_7.32e-04_40.0__398			0.127058		0.693333		0.655000
0.28_0.34_6.10e+00_7.32e-04_24.0__239			0.131853		0.623333		0.633333
0.28_0.34_6.10e+00_7.32e-04_56.0__550			0.119294		0.576667		0.616667
0.28_0.34_6.10e+00_7.32e-04_43.0__421			0.132810		0.636667		0.653333
0.28_0.34_6.10e+00_7.32e-04_39.0__381			0.130706		0.648333		0.673333
0.28_0.34_6.10e+00_7.32e-04_26.0__255			0.149458		0.638333		0.690000
0.28_0.34_6.10e+00_7.32e-04_37.0__365			0.150773		0.628333		0.678333
0.28_0.34_6.10e+00_7.32e-04_57.0__562			0.138152		0.588333		0.566667
0.28_0.34_6.10e+00_7.32e-04_34.0__336			0.130804		0.556667		0.575000
0.28_0.34_6.10e+00_7.32e-04_13.0__124			0.149362		0.558333		0.593333
0.28_0.34_6.10e+00_7.32e-04_31.0__306			0.130953		0.560000		0.578333
0.28_0.34_6.10e+00_7.32e-04_59.0__587			0.127615		0.641667		0.646667
0.28_0.34_6.10e+00_7.32e-04_50.0__491			0.133705		0.640000		0.658333
0.28_0.34_6.10e+00_7.32e-04_35.0__340			0.119464		0.581667		0.623333
0.28_0.34_6.10e+00_7.32e-04_32.0__317			0.126359		0.611667		0.618333
0.28_0.34_6.10e+00_7.32e-04_25.0__247			0.125864		0.611667		0.611667
0.28_0.34_6.10e+00_7.32e-04_17.0__163			0.116930		0.580000		0.571667
0.28_0.34_6.10e+00_7.32e-04_52.0__512			0.131882		0.588333		0.571667
0.28_0.34_6.10e+00_7.32e-04_15.0__147			0.125745		0.578333		0.576667
0.28_0.34_6.10e+00_7.32e-04_37.0__363			0.119009		0.600000		0.583333
0.28_0.34_6.10e+00_7.32e-04_17.0__166			0.128296		0.566667		0.586667
0.28_0.34_6.10e+00_7.32e-04_41.0__407			0.126166		0.636667		0.636667
0.28_0.34_6.10e+00_7.32e-04_55.0__541			0.135373		0.645000		0.661667
0.28_0.34_6.10e+00_7.32e-04_53.0__525			0.152615		0.613333		0.651667
0.28_0.34_6.10e+00_7.32e-04_48.0__475			0.153297		0.615000		0.646667
0.28_0.34_6.10e+00_7.32e-04_59.0__582			0.129471		0.588333		0.571667
0.28_0.34_6.10e+00_7.32e-04_38.0__376			0.133173		0.551667		0.568333
0.28_0.34_6.10e+00_7.32e-04_22.0__215			0.149395		0.648333		0.695000
0.28_0.34_6.10e+00_7.32e-04_2.0__11			0.136597		0.650000		0.643333
0.28_0.34_6.10e+00_7.32e-04_44.0__432			0.131260		0.590000		0.571667
0.28_0.34_6.10e+00_7.32e-04_11.0__105			0.148388		0.655000		0.703333
0.28_0.34_6.10e+00_7.32e-04_17.0__165			0.149883		0.643333		0.696667
0.28_0.34_6.10e+00_7.32e-04_46.0__458			0.126387		0.695000		0.650000
0.28_0.34_6.10e+00_7.32e-04_30.0__291			0.129142		0.635000		0.655000
0.28_0.34_6.10e+00_7.32e-04_14.0__133			0.117155		0.578333		0.568333
0.28_0.34_6.10e+00_7.32e-04_36.0__357			0.126793		0.616667		0.620000
0.28_0.34_6.10e+00_7.32e-04_40.0__397			0.126512		0.620000		0.625000
0.28_0.34_6.10e+00_7.32e-04_27.0__269			0.133311		0.615000		0.626667
0.28_0.34_6.10e+00_7.32e-04_48.0__472			0.131928		0.586667		0.571667
0.28_0.34_6.10e+00_7.32e-04_23.0__220			0.119992		0.581667		0.623333
0.28_0.34_6.10e+00_7.32e-04_22.0__212			0.133550		0.588333		0.571667
0.28_0.34_6.10e+00_7.32e-04_49.0__481			0.133860		0.640000		0.656667
0.28_0.34_6.10e+00_7.32e-04_54.0__536			0.134648		0.548333		0.566667
0.28_0.34_6.10e+00_7.32e-04_15.0__145			0.149803		0.648333		0.700000
0.28_0.34_6.10e+00_7.32e-04_1.0__8			0.119258		0.738333		0.730000
0.28_0.34_6.10e+00_7.32e-04_38.0__378			0.127932		0.686667		0.650000
0.28_0.34_6.10e+00_7.32e-04_17.0__161			0.124921		0.663333		0.678333
0.28_0.34_6.10e+00_7.32e-04_4.0__34			0.147849		0.553333		0.586667
0.28_0.34_6.10e+00_7.32e-04_17.0__168			0.125212		0.726667		0.695000
0.28_0.34_6.10e+00_7.32e-04_20.0__199			0.130933		0.636667		0.641667
0.28_0.34_6.10e+00_7.32e-04_4.0__36			0.145071		0.550000		0.570000
0.28_0.34_6.10e+00_7.32e-04_14.0__132			0.128790		0.605000		0.583333
0.28_0.34_6.10e+00_7.32e-04_44.0__430			0.119812		0.576667		0.616667
0.28_0.34_6.10e+00_7.32e-04_37.0__367			0.126616		0.621667		0.626667
0.28_0.34_6.10e+00_7.32e-04_50.0__499			0.135927		0.578333		0.611667
0.28_0.34_6.10e+00_7.32e-04_9.0__80			0.119640		0.583333		0.623333
0.28_0.34_6.10e+00_7.32e-04_9.0__84			0.147945		0.560000		0.593333
0.28_0.34_6.10e+00_7.32e-04_11.0__106			0.130762		0.563333		0.581667
0.28_0.34_6.10e+00_7.32e-04_43.0__420			0.118993		0.576667		0.618333
0.28_0.34_6.10e+00_7.32e-04_12.0__118			0.123774		0.731667		0.706667
0.28_0.34_6.10e+00_7.32e-04_44.0__439			0.134255		0.586667		0.615000
0.28_0.34_6.10e+00_7.32e-04_20.0__198			0.125743		0.718333		0.680000
0.28_0.34_6.10e+00_7.32e-04_31.0__301			0.129669		0.628333		0.651667
0.28_0.34_6.10e+00_7.32e-04_39.0__388			0.127649		0.688333		0.653333
0.28_0.34_6.10e+00_7.32e-04_10.0__97			0.126716		0.578333		0.571667
0.28_0.34_6.10e+00_7.32e-04_10.0__90			0.118415		0.578333		0.621667
0.28_0.34_6.10e+00_7.32e-04_52.0__510			0.119777		0.576667		0.616667
0.28_0.34_6.10e+00_7.32e-04_11.0__100			0.119588		0.583333		0.621667
0.28_0.34_6.10e+00_7.32e-04_56.0__555			0.152336		0.608333		0.653333
0.28_0.34_6.10e+00_7.32e-04_21.0__201			0.127640		0.633333		0.651667
0.28_0.34_6.10e+00_7.32e-04_48.0__474			0.151753		0.556667		0.595000
0.28_0.34_6.10e+00_7.32e-04_49.0__485			0.152599		0.621667		0.660000
0.28_0.34_6.10e+00_7.32e-04_30.0__294			0.147666		0.558333		0.595000
0.28_0.34_6.10e+00_7.32e-04_59.0__580			0.118810		0.575000		0.613333
0.28_0.34_6.10e+00_7.32e-04_35.0__349			0.134320		0.600000		0.611667
0.28_0.34_6.10e+00_7.32e-04_2.0__14			0.150536		0.545000		0.581667
0.28_0.34_6.10e+00_7.32e-04_54.0__531			0.134999		0.646667		0.665000
0.28_0.34_6.10e+00_7.32e-04_57.0__563			0.117369		0.671667		0.650000
0.28_0.34_6.10e+00_7.32e-04_57.0__565			0.152041		0.610000		0.653333
0.28_0.34_6.10e+00_7.32e-04_28.0__277			0.126039		0.613333		0.606667
0.28_0.34_6.10e+00_7.32e-04_11.0__104			0.147118		0.558333		0.595000
0.28_0.34_6.10e+00_7.32e-04_24.0__233			0.118340		0.588333		0.565000
0.28_0.34_6.10e+00_7.32e-04_24.0__231			0.127723		0.640000		0.656667
0.28_0.34_6.10e+00_7.32e-04_31.0__308			0.128060		0.698333		0.655000
0.28_0.34_6.10e+00_7.32e-04_42.0__413			0.118069		0.611667		0.593333
0.28_0.34_6.10e+00_7.32e-04_30.0__290			0.119698		0.590000		0.625000
0.28_0.34_6.10e+00_7.32e-04_25.0__249			0.131817		0.618333		0.631667
0.28_0.34_6.10e+00_7.32e-04_43.0__428			0.128216		0.688333		0.645000
0.28_0.34_6.10e+00_7.32e-04_7.0__62			0.119741		0.660000		0.598333
0.28_0.34_6.10e+00_7.32e-04_49.0__487			0.127146		0.630000		0.635000
0.28_0.34_6.10e+00_7.32e-04_23.0__226			0.130121		0.558333		0.575000
0.28_0.34_6.10e+00_7.32e-04_46.0__451			0.132118		0.648333		0.678333
0.28_0.34_6.10e+00_7.32e-04_33.0__328			0.128566		0.698333		0.648333
0.28_0.34_6.10e+00_7.32e-04_40.0__391			0.131237		0.646667		0.663333
0.28_0.34_6.10e+00_7.32e-04_42.0__419			0.134366		0.586667		0.610000
0.28_0.34_6.10e+00_7.32e-04_11.0__101			0.124829		0.670000		0.686667
0.28_0.34_6.10e+00_7.32e-04_44.0__436			0.133357		0.550000		0.568333
0.28_0.34_6.10e+00_7.32e-04_19.0__180			0.119851		0.580000		0.621667
0.28_0.34_6.10e+00_7.32e-04_45.0__449			0.134041		0.583333		0.611667
0.28_0.34_6.10e+00_7.32e-04_55.0__546			0.135285		0.545000		0.563333
0.28_0.34_6.10e+00_7.32e-04_1.0__4			0.154217		0.541667		0.573333
0.28_0.34_6.10e+00_7.32e-04_13.0__122			0.128970		0.603333		0.585000
0.28_0.34_6.10e+00_7.32e-04_36.0__355			0.151171		0.630000		0.676667
0.28_0.34_6.10e+00_7.32e-04_58.0__573			0.118234		0.656667		0.643333
0.28_0.34_6.10e+00_7.32e-04_18.0__172			0.131709		0.596667		0.586667
0.28_0.34_6.10e+00_7.32e-04_4.0__32			0.119394		0.650000		0.588333
0.28_0.34_6.10e+00_7.32e-04_41.0__409			0.135558		0.583333		0.606667
0.28_0.34_6.10e+00_7.32e-04_48.0__470			0.119831		0.576667		0.616667
0.28_0.34_6.10e+00_7.32e-04_13.0__121			0.124891		0.666667		0.686667
0.28_0.34_6.10e+00_7.32e-04_42.0__416			0.132424		0.553333		0.573333
0.28_0.34_6.10e+00_7.32e-04_27.0__267			0.126065		0.615000		0.611667
0.28_0.34_6.10e+00_7.32e-04_29.0__280			0.119298		0.588333		0.625000
0.28_0.34_6.10e+00_7.32e-04_55.0__540			0.119713		0.576667		0.615000
0.28_0.34_6.10e+00_7.32e-04_12.0__112			0.128281		0.606667		0.585000
0.28_0.34_6.10e+00_7.32e-04_28.0__278			0.127011		0.698333		0.663333
0.28_0.34_6.10e+00_7.32e-04_42.0__410			0.119787		0.576667		0.616667
0.28_0.34_6.10e+00_7.32e-04_50.0__495			0.151678		0.618333		0.658333
0.28_0.34_6.10e+00_7.32e-04_58.0__571			0.135666		0.646667		0.660000
0.28_0.34_6.10e+00_7.32e-04_43.0__425			0.156856		0.616667		0.660000
0.28_0.34_6.10e+00_7.32e-04_58.0__577			0.127632		0.645000		0.645000
0.28_0.34_6.10e+00_7.32e-04_10.0__93			0.116356		0.580000		0.570000
0.28_0.34_6.10e+00_7.32e-04_4.0__35			0.163064		0.623333		0.658333
0.28_0.34_6.10e+00_7.32e-04_4.0__33			0.114181		0.585000		0.570000
0.28_0.34_6.10e+00_7.32e-04_45.0__448			0.128338		0.675000		0.636667
0.28_0.34_6.10e+00_7.32e-04_27.0__263			0.118070		0.580000		0.571667
0.28_0.34_6.10e+00_7.32e-04_29.0__285			0.149993		0.640000		0.691667
0.28_0.34_6.10e+00_7.32e-04_7.0__68			0.119545		0.741667		0.730000
0.28_0.34_6.10e+00_7.32e-04_35.0__342			0.133035		0.590000		0.573333
0.28_0.34_6.10e+00_7.32e-04_32.0__313			0.117588		0.603333		0.575000
0.28_0.34_6.10e+00_7.32e-04_12.0__113			0.117686		0.580000		0.571667
0.28_0.34_6.10e+00_7.32e-04_55.0__549			0.137076		0.566667		0.608333
0.28_0.34_6.10e+00_7.32e-04_23.0__221			0.127812		0.631667		0.651667
0.28_0.34_6.10e+00_7.32e-04_42.0__415			0.153870		0.630000		0.676667
0.28_0.34_6.10e+00_7.32e-04_22.0__219			0.131280		0.626667		0.638333
0.28_0.34_6.10e+00_7.32e-04_31.0__303			0.117802		0.591667		0.570000
0.28_0.34_6.10e+00_7.32e-04_41.0__403			0.116933		0.621667		0.603333
0.28_0.34_6.10e+00_7.32e-04_33.0__325			0.150625		0.631667		0.681667
0.28_0.34_6.10e+00_7.32e-04_5.0__48			0.119733		0.738333		0.731667
0.28_0.34_6.10e+00_7.32e-04_51.0__508			0.125455		0.685000		0.658333
0.28_0.34_6.10e+00_7.32e-04_57.0__561			0.136397		0.633333		0.648333
0.28_0.34_6.10e+00_7.32e-04_34.0__335			0.149971		0.635000		0.683333
0.28_0.34_6.10e+00_7.32e-04_18.0__171			0.125180		0.655000		0.675000
0.28_0.34_6.10e+00_7.32e-04_39.0__389			0.133812		0.588333		0.611667
0.28_0.34_6.10e+00_7.32e-04_54.0__535			0.150653		0.613333		0.655000
0.28_0.34_6.10e+00_7.32e-04_21.0__205			0.147778		0.641667		0.686667
0.28_0.34_6.10e+00_7.32e-04_52.0__518			0.127239		0.675000		0.635000
0.28_0.34_6.10e+00_7.32e-04_57.0__564			0.151328		0.560000		0.593333
0.28_0.34_6.10e+00_7.32e-04_38.0__373			0.117093		0.608333		0.598333
0.28_0.34_6.10e+00_7.32e-04_33.0__329			0.134226		0.601667		0.611667
0.28_0.34_6.10e+00_7.32e-04_28.0__273			0.119148		0.588333		0.566667
0.28_0.34_6.10e+00_7.32e-04_48.0__479			0.135696		0.583333		0.611667
0.28_0.34_6.10e+00_7.32e-04_13.0__120			0.119351		0.575000		0.616667
0.28_0.34_6.10e+00_7.32e-04_3.0__21			0.133057		0.660000		0.673333
0.28_0.34_6.10e+00_7.32e-04_41.0__406			0.135945		0.548333		0.568333
0.28_0.34_6.10e+00_7.32e-04_29.0__281			0.129363		0.628333		0.650000
0.28_0.34_6.10e+00_7.32e-04_24.0__237			0.125501		0.615000		0.613333
0.28_0.34_6.10e+00_7.32e-04_57.0__560			0.118628		0.575000		0.613333
0.28_0.34_6.10e+00_7.32e-04_56.0__551			0.135816		0.638333		0.655000
0.28_0.34_6.10e+00_7.32e-04_59.0__589			0.135704		0.570000		0.611667
0.28_0.34_6.10e+00_7.32e-04_2.0__17			0.125486		0.615000		0.611667
0.28_0.34_6.10e+00_7.32e-04_58.0__574			0.151926		0.553333		0.588333
0.28_0.34_6.10e+00_7.32e-04_3.0__27			0.124822		0.593333		0.590000
0.28_0.34_6.10e+00_7.32e-04_12.0__116			0.130345		0.563333		0.580000
0.28_0.34_6.10e+00_7.32e-04_39.0__387			0.126202		0.631667		0.630000
0.28_0.34_6.10e+00_7.32e-04_4.0__31			0.130224		0.665000		0.676667
0.28_0.34_6.10e+00_7.32e-04_21.0__200			0.119166		0.581667		0.623333
0.28_0.34_6.10e+00_7.32e-04_25.0__242			0.130372		0.593333		0.570000
0.28_0.34_6.10e+00_7.32e-04_10.0__94			0.148368		0.558333		0.595000
0.28_0.34_6.10e+00_7.32e-04_39.0__384			0.149717		0.558333		0.593333
0.28_0.34_6.10e+00_7.32e-04_31.0__305			0.150479		0.638333		0.690000
0.28_0.34_6.10e+00_7.32e-04_37.0__362			0.135809		0.588333		0.568333
0.28_0.34_6.10e+00_7.32e-04_29.0__283			0.119741		0.585000		0.566667
0.28_0.34_6.10e+00_7.32e-04_8.0__79			0.128626		0.656667		0.673333
0.28_0.34_6.10e+00_7.32e-04_38.0__379			0.134782		0.588333		0.610000
0.28_0.34_6.10e+00_7.32e-04_43.0__422			0.131157		0.590000		0.571667
0.28_0.34_6.10e+00_7.32e-04_60.0__598			0.125994		0.686667		0.653333
0.28_0.34_6.10e+00_7.32e-04_2.0__12			0.118804		0.636667		0.585000
0.28_0.34_6.10e+00_7.32e-04_33.0__327			0.126706		0.615000		0.618333
0.28_0.34_6.10e+00_7.32e-04_6.0__57			0.127048		0.570000		0.571667
0.28_0.34_6.10e+00_7.32e-04_14.0__131			0.124700		0.663333		0.680000
0.28_0.34_6.10e+00_7.32e-04_51.0__504			0.151327		0.558333		0.595000
0.28_0.34_6.10e+00_7.32e-04_13.0__127			0.125637		0.576667		0.578333
0.28_0.34_6.10e+00_7.32e-04_19.0__183			0.117083		0.581667		0.570000
0.28_0.34_6.10e+00_7.32e-04_38.0__371			0.130671		0.648333		0.663333
0.28_0.34_6.10e+00_7.32e-04_51.0__502			0.133801		0.586667		0.571667
0.28_0.34_6.10e+00_7.32e-04_19.0__184			0.149831		0.560000		0.595000
0.28_0.34_6.10e+00_7.32e-04_58.0__576			0.134968		0.545000		0.563333
0.28_0.34_6.10e+00_7.32e-04_50.0__493			0.116773		0.641667		0.620000
0.28_0.34_6.10e+00_7.32e-04_42.0__417			0.126687		0.638333		0.638333
0.28_0.34_6.10e+00_7.32e-04_51.0__507			0.126990		0.636667		0.638333
0.28_0.34_6.10e+00_7.32e-04_16.0__156			0.128930		0.565000		0.581667
0.28_0.34_6.10e+00_7.32e-04_51.0__509			0.135820		0.575000		0.611667
0.28_0.34_6.10e+00_7.32e-04_4.0__37			0.124463		0.578333		0.580000
0.28_0.34_6.10e+00_7.32e-04_26.0__254			0.149229		0.561667		0.596667
0.28_0.34_6.10e+00_7.32e-04_9.0__83			0.115554		0.580000		0.570000
0.28_0.34_6.10e+00_7.32e-04_9.0__86			0.134904		0.566667		0.581667
0.28_0.34_6.10e+00_7.32e-04_51.0__506			0.135740		0.548333		0.566667
0.28_0.34_6.10e+00_7.32e-04_25.0__244			0.149271		0.558333		0.595000
0.28_0.34_6.10e+00_7.32e-04_23.0__228			0.127343		0.713333		0.671667
0.28_0.34_6.10e+00_7.32e-04_32.0__316			0.130628		0.558333		0.575000
0.28_0.34_6.10e+00_7.32e-04_42.0__418			0.128694		0.683333		0.641667
0.28_0.34_6.10e+00_7.32e-04_8.0__75			0.148960		0.658333		0.711667
0.28_0.34_6.10e+00_7.32e-04_24.0__235			0.150855		0.640000		0.695000
0.28_0.34_6.10e+00_7.32e-04_44.0__434			0.149103		0.556667		0.595000
0.28_0.34_6.10e+00_7.32e-04_11.0__108			0.122689		0.731667		0.713333
0.28_0.34_6.10e+00_7.32e-04_40.0__392			0.135840		0.590000		0.568333
0.28_0.34_6.10e+00_7.32e-04_8.0__78			0.122073		0.736667		0.725000
0.28_0.34_6.10e+00_7.32e-04_24.0__232			0.133388		0.591667		0.571667
0.28_0.34_6.10e+00_7.32e-04_24.0__238			0.127978		0.701667		0.661667
0.28_0.34_6.10e+00_7.32e-04_20.0__194			0.148782		0.556667		0.593333
0.28_0.34_6.10e+00_7.32e-04_9.0__85			0.150848		0.648333		0.701667
0.28_0.34_6.10e+00_7.32e-04_40.0__395			0.154173		0.621667		0.661667
0.28_0.34_6.10e+00_7.32e-04_52.0__514			0.152013		0.563333		0.595000
0.28_0.34_6.10e+00_7.32e-04_32.0__310			0.119852		0.581667		0.623333
0.28_0.34_6.10e+00_7.32e-04_46.0__450			0.119411		0.576667		0.616667
0.28_0.34_6.10e+00_7.32e-04_12.0__114			0.148071		0.558333		0.593333
0.28_0.34_6.10e+00_7.32e-04_42.0__412			0.136186		0.586667		0.568333
0.28_0.34_6.10e+00_7.32e-04_49.0__480			0.119448		0.576667		0.615000
0.28_0.34_6.10e+00_7.32e-04_31.0__302			0.132147		0.591667		0.571667
0.28_0.34_6.10e+00_7.32e-04_41.0__402			0.133902		0.586667		0.571667
0.28_0.34_6.10e+00_7.32e-04_50.0__498			0.126847		0.683333		0.646667
0.28_0.34_6.10e+00_7.32e-04_29.0__282			0.130937		0.593333		0.570000
0.28_0.34_6.10e+00_7.32e-04_27.0__268			0.128551		0.690000		0.655000
0.28_0.34_6.10e+00_7.32e-04_25.0__245			0.149858		0.643333		0.700000
0.28_0.34_6.10e+00_7.32e-04_34.0__339			0.134033		0.603333		0.611667
0.28_0.34_6.10e+00_7.32e-04_34.0__330			0.118835		0.583333		0.625000
0.28_0.34_6.10e+00_7.32e-04_55.0__548			0.125887		0.696667		0.650000
0.28_0.34_6.10e+00_7.32e-04_42.0__411			0.131103		0.646667		0.661667
0.28_0.34_6.10e+00_7.32e-04_37.0__368			0.126436		0.695000		0.661667
0.28_0.34_6.10e+00_7.32e-04_58.0__579			0.135207		0.575000		0.613333
0.28_0.34_6.10e+00_7.32e-04_12.0__111			0.124800		0.668333		0.685000
0.28_0.34_6.10e+00_7.32e-04_6.0__50			0.119259		0.580000		0.623333
0.28_0.34_6.10e+00_7.32e-04_46.0__457			0.126474		0.631667		0.638333
0.28_0.34_6.10e+00_7.32e-04_45.0__441			0.132800		0.643333		0.665000
0.28_0.34_6.10e+00_7.32e-04_2.0__15			0.167571		0.598333		0.631667
0.28_0.34_6.10e+00_7.32e-04_47.0__460			0.119272		0.576667		0.615000
0.28_0.34_6.10e+00_7.32e-04_57.0__569			0.135894		0.566667		0.608333
0.28_0.34_6.10e+00_7.32e-04_6.0__51			0.125975		0.661667		0.691667
0.28_0.34_6.10e+00_7.32e-04_33.0__324			0.148699		0.560000		0.595000
0.28_0.34_6.10e+00_7.32e-04_17.0__162			0.129759		0.613333		0.588333
0.28_0.34_6.10e+00_7.32e-04_11.0__103			0.117499		0.580000		0.570000
0.28_0.34_6.10e+00_7.32e-04_54.0__537			0.127498		0.640000		0.640000
0.28_0.34_6.10e+00_7.32e-04_12.0__115			0.150093		0.651667		0.701667
0.28_0.34_6.10e+00_7.32e-04_47.0__464			0.151081		0.556667		0.596667
0.28_0.34_6.10e+00_7.32e-04_5.0__41			0.127211		0.668333		0.686667
0.28_0.34_6.10e+00_7.32e-04_9.0__82			0.121527		0.635000		0.581667
0.28_0.34_6.10e+00_7.32e-04_27.0__265			0.149372		0.643333		0.696667
0.28_0.34_6.10e+00_7.32e-04_12.0__119			0.129723		0.645000		0.653333
0.28_0.34_6.10e+00_7.32e-04_9.0__87			0.126672		0.578333		0.571667
0.28_0.34_6.10e+00_7.32e-04_29.0__287			0.126765		0.606667		0.608333
0.28_0.34_6.10e+00_7.32e-04_20.0__193			0.118032		0.583333		0.568333
0.28_0.34_6.10e+00_7.32e-04_41.0__405			0.155665		0.621667		0.658333
0.28_0.34_6.10e+00_7.32e-04_46.0__459			0.134314		0.581667		0.611667
0.28_0.34_6.10e+00_7.32e-04_29.0__288			0.127671		0.696667		0.658333
0.28_0.34_6.10e+00_7.32e-04_48.0__473			0.118728		0.625000		0.601667
0.28_0.34_6.10e+00_7.32e-04_8.0__76			0.137957		0.571667		0.591667
0.28_0.34_6.10e+00_7.32e-04_55.0__543			0.115708		0.668333		0.651667
0.28_0.34_6.10e+00_7.32e-04_23.0__225			0.150532		0.645000		0.688333
0.28_0.34_6.10e+00_7.32e-04_21.0__204			0.148325		0.556667		0.591667
0.28_0.34_6.10e+00_7.32e-04_25.0__248			0.127329		0.710000		0.673333
0.28_0.34_6.10e+00_7.32e-04_38.0__375			0.151358		0.625000		0.671667
0.28_0.34_6.10e+00_7.32e-04_52.0__519			0.136333		0.571667		0.606667
0.28_0.34_6.10e+00_7.32e-04_13.0__128			0.123720		0.731667		0.706667
0.28_0.34_6.10e+00_7.32e-04_47.0__468			0.128000		0.680000		0.645000
0.28_0.34_6.10e+00_7.32e-04_18.0__176			0.127895		0.568333		0.586667
0.28_0.34_6.10e+00_7.32e-04_60.0__591			0.135574		0.633333		0.650000
0.28_0.34_6.10e+00_7.32e-04_48.0__477			0.126806		0.636667		0.636667
0.28_0.34_6.10e+00_7.32e-04_53.0__520			0.119383		0.576667		0.616667
0.28_0.34_6.10e+00_7.32e-04_45.0__442			0.131169		0.588333		0.571667
0.28_0.34_6.10e+00_7.32e-04_28.0__279			0.134754		0.608333		0.623333
0.28_0.34_6.10e+00_7.32e-04_35.0__348			0.127351		0.695000		0.656667
0.28_0.34_6.10e+00_7.32e-04_28.0__271			0.128564		0.641667		0.660000
0.28_0.34_6.10e+00_7.32e-04_19.0__187			0.125843		0.598333		0.595000
0.28_0.34_6.10e+00_7.32e-04_25.0__246			0.130891		0.560000		0.575000
0.28_0.34_6.10e+00_7.32e-04_60.0__599			0.135600		0.571667		0.611667
0.28_0.34_6.10e+00_7.32e-04_33.0__326			0.129719		0.560000		0.578333
0.28_0.34_6.10e+00_7.32e-04_54.0__530			0.119418		0.576667		0.616667
0.28_0.34_6.10e+00_7.32e-04_13.0__129			0.129283		0.646667		0.661667
0.28_0.34_6.10e+00_7.32e-04_51.0__501			0.134943		0.643333		0.658333
0.28_0.34_6.10e+00_7.32e-04_25.0__240			0.120351		0.580000		0.621667
0.28_0.34_6.10e+00_7.32e-04_13.0__125			0.149916		0.648333		0.700000
0.28_0.34_6.10e+00_7.32e-04_26.0__251			0.128115		0.641667		0.658333
0.28_0.34_6.10e+00_7.32e-04_30.0__299			0.135089		0.600000		0.613333
0.28_0.34_6.10e+00_7.32e-04_56.0__557			0.127192		0.636667		0.653333
0.28_0.34_6.10e+00_7.32e-04_56.0__554			0.151502		0.560000		0.595000
0.28_0.34_6.10e+00_7.32e-04_48.0__478			0.128120		0.675000		0.640000
0.28_0.34_6.10e+00_7.32e-04_29.0__284			0.150752		0.558333		0.595000
0.28_0.34_6.10e+00_7.32e-04_44.0__433			0.120736		0.600000		0.573333
0.28_0.34_6.10e+00_7.32e-04_51.0__505			0.150782		0.613333		0.651667
0.28_0.34_6.10e+00_7.32e-04_29.0__286			0.127937		0.561667		0.578333
0.28_0.34_6.10e+00_7.32e-04_36.0__353			0.117336		0.618333		0.600000
0.28_0.34_6.10e+00_7.32e-04_44.0__438			0.128411		0.683333		0.640000
0.28_0.34_6.10e+00_7.32e-04_5.0__45			0.156008		0.630000		0.670000
0.28_0.34_6.10e+00_7.32e-04_20.0__196			0.128363		0.565000		0.581667
0.28_0.34_6.10e+00_7.32e-04_47.0__463			0.117816		0.638333		0.616667
0.28_0.34_6.10e+00_7.32e-04_28.0__274			0.150230		0.561667		0.595000
0.28_0.34_6.10e+00_7.32e-04_59.0__588			0.125740		0.691667		0.653333
0.28_0.34_6.10e+00_7.32e-04_23.0__229			0.131486		0.625000		0.636667
0.28_0.34_6.10e+00_7.32e-04_7.0__69			0.128150		0.658333		0.680000
0.28_0.34_6.10e+00_7.32e-04_16.0__159			0.130893		0.640000		0.645000
0.28_0.34_6.10e+00_7.32e-04_32.0__319			0.133685		0.608333		0.618333
0.28_0.34_6.10e+00_7.32e-04_3.0__22			0.119328		0.636667		0.578333
0.28_0.34_6.10e+00_7.32e-04_21.0__203			0.117727		0.586667		0.571667
0.28_0.34_6.10e+00_7.32e-04_52.0__511			0.135310		0.625000		0.640000
0.28_0.34_6.10e+00_7.32e-04_26.0__257			0.125652		0.618333		0.615000
0.28_0.34_6.10e+00_7.32e-04_47.0__467			0.127136		0.628333		0.641667
0.28_0.34_6.10e+00_7.32e-04_10.0__95			0.151121		0.651667		0.701667
0.28_0.34_6.10e+00_7.32e-04_32.0__318			0.127519		0.701667		0.655000
0.28_0.34_6.10e+00_7.32e-04_26.0__256			0.128547		0.560000		0.578333
0.28_0.34_6.10e+00_7.32e-04_56.0__558			0.125900		0.683333		0.648333
0.28_0.34_6.10e+00_7.32e-04_25.0__243			0.118582		0.588333		0.566667
0.28_0.34_6.10e+00_7.32e-04_29.0__289			0.133635		0.610000		0.621667
0.28_0.34_6.10e+00_7.32e-04_55.0__544			0.151274		0.560000		0.595000
0.28_0.34_6.10e+00_7.32e-04_2.0__19			0.121345		0.658333		0.688333
0.28_0.34_6.10e+00_7.32e-04_22.0__210			0.120182		0.580000		0.623333
0.28_0.34_6.10e+00_7.32e-04_15.0__148			0.123663		0.718333		0.698333
0.28_0.34_6.10e+00_7.32e-04_27.0__262			0.130179		0.593333		0.570000
0.28_0.34_6.10e+00_7.32e-04_26.0__252			0.130292		0.593333		0.570000
0.28_0.34_6.10e+00_7.32e-04_36.0__354			0.151232		0.560000		0.595000
0.28_0.34_6.10e+00_7.32e-04_43.0__423			0.119461		0.600000		0.591667
0.28_0.34_6.10e+00_7.32e-04_10.0__96			0.134557		0.565000		0.581667
0.28_0.34_6.10e+00_7.32e-04_58.0__575			0.153033		0.630000		0.653333
0.28_0.34_6.10e+00_7.32e-04_43.0__424			0.151532		0.561667		0.595000
0.28_0.34_6.10e+00_7.32e-04_45.0__447			0.126959		0.638333		0.641667
0.28_0.34_6.10e+00_7.32e-04_7.0__61			0.124519		0.680000		0.695000
0.28_0.34_6.10e+00_7.32e-04_30.0__298			0.127422		0.693333		0.655000
0.28_0.34_6.10e+00_7.32e-04_45.0__443			0.120263		0.606667		0.588333
0.28_0.34_6.10e+00_7.32e-04_40.0__399			0.135392		0.583333		0.610000
0.28_0.34_6.10e+00_7.32e-04_39.0__383			0.117388		0.615000		0.601667
0.28_0.34_6.10e+00_7.32e-04_10.0__99			0.129218		0.651667		0.665000
0.28_0.34_6.10e+00_7.32e-04_1.0__9			0.117342		0.690000		0.678333
0.28_0.34_6.10e+00_7.32e-04_9.0__88			0.122231		0.731667		0.723333
0.28_0.34_6.10e+00_7.32e-04_41.0__408			0.127270		0.685000		0.653333
0.28_0.34_6.10e+00_7.32e-04_6.0__56			0.141857		0.566667		0.585000
0.28_0.34_6.10e+00_7.32e-04_3.0__23			0.110224		0.616667		0.600000
0.28_0.34_6.10e+00_7.32e-04_4.0__38			0.120313		0.730000		0.713333
0.28_0.34_6.10e+00_7.32e-04_22.0__217			0.125449		0.606667		0.611667
0.28_0.34_6.10e+00_7.32e-04_54.0__539			0.135589		0.570000		0.613333
0.28_0.34_6.10e+00_7.32e-04_60.0__590			0.118932		0.576667		0.613333
0.28_0.34_6.10e+00_7.32e-04_59.0__581			0.135369		0.643333		0.660000
0.28_0.34_6.10e+00_7.32e-04_43.0__426			0.133598		0.551667		0.571667
0.28_0.34_6.10e+00_7.32e-04_24.0__234			0.150274		0.560000		0.595000
0.28_0.34_6.10e+00_7.32e-04_26.0__259			0.132128		0.615000		0.630000
0.28_0.34_6.10e+00_7.32e-04_36.0__351			0.129991		0.643333		0.668333
0.28_0.34_6.10e+00_7.32e-04_4.0__39			0.124860		0.668333		0.688333
0.28_0.34_6.10e+00_7.32e-04_34.0__338			0.127811		0.693333		0.651667
0.28_0.34_6.10e+00_7.32e-04_45.0__445			0.155934		0.615000		0.653333
0.28_0.34_6.10e+00_7.32e-04_16.0__152			0.128403		0.600000		0.585000
0.28_0.34_6.10e+00_7.32e-04_21.0__209			0.131278		0.628333		0.640000
0.28_0.34_6.10e+00_7.32e-04_48.0__476			0.134353		0.548333		0.568333
0.28_0.34_6.10e+00_7.32e-04_50.0__497			0.127514		0.650000		0.650000
0.28_0.34_6.10e+00_7.32e-04_32.0__315			0.150621		0.635000		0.688333
0.28_0.34_6.10e+00_7.32e-04_12.0__117			0.125970		0.571667		0.581667
0.28_0.34_6.10e+00_7.32e-04_56.0__556			0.135660		0.545000		0.561667
0.28_0.34_6.10e+00_7.32e-04_14.0__139			0.130107		0.640000		0.645000
0.28_0.34_6.10e+00_7.32e-04_11.0__109			0.129271		0.651667		0.668333
0.28_0.34_6.10e+00_7.32e-04_49.0__489			0.135768		0.583333		0.613333
0.28_0.34_6.10e+00_7.32e-04_10.0__98			0.121615		0.735000		0.723333
0.28_0.34_6.10e+00_7.32e-04_46.0__456			0.133614		0.550000		0.568333
0.28_0.34_6.10e+00_7.32e-04_14.0__136			0.130099		0.565000		0.583333
0.28_0.34_6.10e+00_7.32e-04_59.0__585			0.150836		0.616667		0.653333
0.28_0.34_6.10e+00_7.32e-04_4.0__30			0.116697		0.581667		0.623333
0.28_0.34_6.10e+00_7.32e-04_14.0__135			0.149567		0.645000		0.700000
0.28_0.34_6.10e+00_7.32e-04_38.0__370			0.119531		0.581667		0.623333
0.28_0.34_6.10e+00_7.32e-04_23.0__224			0.148952		0.558333		0.593333
0.28_0.34_6.10e+00_7.32e-04_15.0__143			0.117370		0.578333		0.570000
0.28_0.34_6.10e+00_7.32e-04_22.0__213			0.120309		0.590000		0.565000
0.28_0.34_6.10e+00_7.32e-04_45.0__440			0.120009		0.576667		0.616667
0.28_0.34_6.10e+00_7.32e-04_18.0__177			0.125769		0.603333		0.596667
0.28_0.34_6.10e+00_7.32e-04_3.0__24			0.147590		0.545000		0.578333
0.28_0.34_6.10e+00_7.32e-04_38.0__372			0.136030		0.588333		0.568333
0.28_0.34_6.10e+00_7.32e-04_14.0__138			0.124109		0.723333		0.710000
0.28_0.34_6.10e+00_7.32e-04_15.0__149			0.129934		0.643333		0.645000
0.28_0.34_6.10e+00_7.32e-04_28.0__272			0.131097		0.593333		0.571667
0.28_0.34_6.10e+00_7.32e-04_51.0__500			0.119677		0.576667		0.616667
0.28_0.34_6.10e+00_7.32e-04_1.0__2			0.122195		0.635000		0.576667
0.28_0.34_6.10e+00_7.32e-04_55.0__542			0.131863		0.586667		0.571667
0.28_0.34_6.10e+00_7.32e-04_10.0__92			0.125006		0.620000		0.576667
0.28_0.34_6.10e+00_7.32e-04_16.0__150			0.120103		0.580000		0.623333
0.28_0.34_6.10e+00_7.32e-04_15.0__140			0.119862		0.580000		0.621667
0.28_0.34_6.10e+00_7.32e-04_41.0__404			0.149748		0.558333		0.595000
0.28_0.34_6.10e+00_7.32e-04_18.0__174			0.151870		0.560000		0.596667
0.28_0.34_6.10e+00_7.32e-04_23.0__222			0.132757		0.588333		0.571667
0.28_0.34_6.10e+00_7.32e-04_27.0__264			0.148994		0.560000		0.595000
0.28_0.34_6.10e+00_7.32e-04_39.0__385			0.154054		0.618333		0.660000
0.28_0.34_6.10e+00_7.32e-04_30.0__293			0.118587		0.583333		0.571667
0.28_0.34_6.10e+00_7.32e-04_60.0__595			0.151981		0.613333		0.653333
0.28_0.34_6.10e+00_7.32e-04_33.0__323			0.118295		0.595000		0.573333
0.28_0.34_6.10e+00_7.32e-04_32.0__311			0.129716		0.635000		0.661667
0.28_0.34_6.10e+00_7.32e-04_55.0__547			0.127430		0.643333		0.651667
0.28_0.34_6.10e+00_7.32e-04_57.0__566			0.136879		0.545000		0.561667
0.28_0.34_6.10e+00_7.32e-04_14.0__134			0.148461		0.561667		0.595000
0.28_0.34_6.10e+00_7.32e-04_30.0__296			0.128407		0.563333		0.583333
0.28_0.34_6.10e+00_7.32e-04_16.0__154			0.149697		0.560000		0.595000
0.28_0.34_6.10e+00_7.32e-04_21.0__208			0.126862		0.713333		0.670000
0.28_0.34_6.10e+00_7.32e-04_59.0__584			0.151022		0.558333		0.593333
0.28_0.34_6.10e+00_7.32e-04_7.0__65			0.149388		0.653333		0.701667
0.28_0.34_6.10e+00_7.32e-04_60.0__594			0.151179		0.560000		0.593333
0.28_0.34_6.10e+00_7.32e-04_47.0__462			0.130793		0.590000		0.571667
0.28_0.34_6.10e+00_7.32e-04_38.0__377			0.126727		0.620000		0.618333
0.28_0.34_6.10e+00_7.32e-04_19.0__182			0.129744		0.608333		0.588333
0.28_0.34_6.10e+00_7.32e-04_30.0__292			0.131850		0.591667		0.571667
0.28_0.34_6.10e+00_7.32e-04_36.0__356			0.131777		0.555000		0.575000
0.28_0.34_6.10e+00_7.32e-04_5.0__40			0.124354		0.580000		0.623333
0.28_0.34_6.10e+00_7.32e-04_54.0__534			0.152039		0.560000		0.595000
0.28_0.34_6.10e+00_7.32e-04_5.0__47			0.125112		0.578333		0.580000
0.28_0.34_6.10e+00_7.32e-04_17.0__169			0.130898		0.638333		0.643333
0.28_0.34_6.10e+00_7.32e-04_6.0__58			0.119269		0.743333		0.733333
0.28_0.34_6.10e+00_7.32e-04_37.0__366			0.133964		0.555000		0.571667
0.28_0.34_6.10e+00_7.32e-04_14.0__130			0.118835		0.580000		0.620000
0.28_0.34_6.10e+00_7.32e-04_47.0__461			0.133199		0.638333		0.663333
0.28_0.34_6.10e+00_7.32e-04_39.0__382			0.136068		0.586667		0.568333
0.28_0.34_6.10e+00_7.32e-04_31.0__304			0.149026		0.560000		0.595000
0.28_0.34_6.10e+00_7.32e-04_53.0__529			0.136441		0.573333		0.611667
0.28_0.34_6.10e+00_7.32e-04_16.0__158			0.125014		0.716667		0.688333
0.28_0.34_6.10e+00_7.32e-04_44.0__431			0.132354		0.643333		0.665000
0.28_0.34_6.10e+00_7.32e-04_53.0__522			0.131647		0.586667		0.571667
0.28_0.34_6.10e+00_7.32e-04_7.0__64			0.148033		0.561667		0.593333
0.28_0.34_6.10e+00_7.32e-04_37.0__361			0.130906		0.643333		0.661667
0.28_0.34_6.10e+00_7.32e-04_34.0__331			0.130452		0.648333		0.665000
0.28_0.34_6.10e+00_7.32e-04_3.0__26			0.146584		0.550000		0.568333
0.28_0.34_6.10e+00_7.32e-04_15.0__144			0.149158		0.560000		0.596667
0.28_0.34_6.10e+00_7.32e-04_50.0__492			0.132179		0.586667		0.571667
0.28_0.34_6.10e+00_7.32e-04_3.0__25			0.168602		0.600000		0.635000
0.28_0.34_6.10e+00_7.32e-04_7.0__67			0.127061		0.576667		0.573333
0.28_0.34_6.10e+00_7.32e-04_53.0__524			0.151896		0.560000		0.595000
0.28_0.34_6.10e+00_7.32e-04_55.0__545			0.151987		0.630000		0.656667
0.28_0.34_6.10e+00_7.32e-04_22.0__218			0.127579		0.705000		0.668333
0.28_0.34_6.10e+00_7.32e-04_40.0__396			0.131792		0.555000		0.573333
0.28_0.34_6.10e+00_7.32e-04_12.0__110			0.118864		0.580000		0.621667
0.28_0.34_6.10e+00_7.32e-04_60.0__592			0.131898		0.586667		0.571667
0.28_0.34_6.10e+00_7.32e-04_59.0__586			0.135602		0.545000		0.561667
0.28_0.34_6.10e+00_7.32e-04_53.0__526			0.134229		0.548333		0.565000
0.28_0.34_6.10e+00_7.32e-04_53.0__528			0.125640		0.683333		0.648333
0.28_0.34_6.10e+00_7.32e-04_27.0__261			0.128341		0.641667		0.660000
0.28_0.34_6.10e+00_7.32e-04_19.0__188			0.124619		0.720000		0.693333
0.28_0.34_6.10e+00_7.32e-04_2.0__18			0.120775		0.700000		0.698333
0.28_0.34_6.10e+00_7.32e-04_47.0__466			0.131968		0.548333		0.568333
0.28_0.34_6.10e+00_7.32e-04_36.0__352			0.135867		0.588333		0.568333
0.28_0.34_6.10e+00_7.32e-04_35.0__343			0.117826		0.601667		0.586667
0.28_0.34_6.10e+00_7.32e-04_28.0__270			0.119578		0.581667		0.625000
0.28_0.34_6.10e+00_7.32e-04_37.0__369			0.134338		0.598333		0.611667
0.28_0.34_6.10e+00_7.32e-04_27.0__260			0.120283		0.581667		0.623333
0.28_0.34_6.10e+00_7.32e-04_49.0__484			0.151045		0.560000		0.595000
0.28_0.34_6.10e+00_7.32e-04_15.0__142			0.129542		0.603333		0.586667
0.28_0.34_6.10e+00_7.32e-04_24.0__230			0.119880		0.586667		0.621667
0.28_0.34_6.10e+00_7.32e-04_18.0__175			0.149061		0.646667		0.693333
0.28_0.34_6.10e+00_7.32e-04_31.0__300			0.120396		0.580000		0.623333
0.28_0.34_6.10e+00_7.32e-04_49.0__486			0.134009		0.548333		0.568333
