id			last val		val acc		test acc
0.28_0.34_6.10e+00_7.32e-04_28.5__560			0.018970		0.983333		0.970000
0.28_0.34_6.10e+00_7.32e-04_29.0__571			0.017016		0.968333		0.971667
0.28_0.34_6.10e+00_7.32e-04_29.5__583			0.017702		0.976667		0.960000
0.28_0.34_6.10e+00_7.32e-04_29.0__576			0.026264		0.965000		0.971667
0.28_0.34_6.10e+00_7.32e-04_29.0__578			0.019922		0.963333		0.970000
0.28_0.34_6.10e+00_7.32e-04_29.5__586			0.026280		0.966667		0.971667
0.28_0.34_6.10e+00_7.32e-04_29.0__574			0.023784		0.953333		0.970000
0.28_0.34_6.10e+00_7.32e-04_28.5__561			0.017192		0.961667		0.966667
0.28_0.34_6.10e+00_7.32e-04_29.0__577			0.031625		0.953333		0.975000
0.28_0.34_6.10e+00_7.32e-04_29.5__585			0.033217		0.958333		0.946667
0.28_0.34_6.10e+00_7.32e-04_26.9__530			0.019455		0.975000		0.970000
0.28_0.34_6.10e+00_7.32e-04_29.0__575			0.033415		0.960000		0.940000
0.28_0.34_6.10e+00_7.32e-04_29.5__589			0.029469		0.965000		0.948333
0.28_0.34_6.10e+00_7.32e-04_28.0__550			0.018864		0.978333		0.968333
0.28_0.34_6.10e+00_7.32e-04_29.5__580			0.019402		0.980000		0.970000
0.28_0.34_6.10e+00_7.32e-04_30.0__591			0.017252		0.973333		0.975000
0.28_0.34_6.10e+00_7.32e-04_29.5__587			0.032421		0.955000		0.971667
0.28_0.34_6.10e+00_7.32e-04_26.9__539			0.029526		0.966667		0.951667
0.28_0.34_6.10e+00_7.32e-04_27.5__543			0.016851		0.978333		0.963333
0.28_0.34_6.10e+00_7.32e-04_27.5__542			0.028569		0.956667		0.953333
0.28_0.34_6.10e+00_7.32e-04_26.4__521			0.016756		0.968333		0.973333
0.28_0.34_6.10e+00_7.32e-04_25.4__504			0.023135		0.958333		0.976667
0.28_0.34_6.10e+00_7.32e-04_28.0__555			0.033041		0.956667		0.938333
0.28_0.34_6.10e+00_7.32e-04_28.0__554			0.024861		0.955000		0.973333
0.28_0.34_6.10e+00_7.32e-04_29.0__570			0.018920		0.983333		0.978333
0.28_0.34_6.10e+00_7.32e-04_29.5__581			0.016213		0.975000		0.973333
0.28_0.34_6.10e+00_7.32e-04_26.9__537			0.026124		0.968333		0.980000
0.28_0.34_6.10e+00_7.32e-04_28.5__563			0.016713		0.978333		0.965000
0.28_0.34_6.10e+00_7.32e-04_30.0__597			0.030942		0.956667		0.973333
0.28_0.34_6.10e+00_7.32e-04_28.0__558			0.019981		0.965000		0.968333
0.28_0.34_6.10e+00_7.32e-04_25.9__511			0.017267		0.966667		0.971667
0.28_0.34_6.10e+00_7.32e-04_29.0__579			0.029138		0.968333		0.948333
0.28_0.34_6.10e+00_7.32e-04_30.0__598			0.023088		0.963333		0.960000
0.28_0.34_6.10e+00_7.32e-04_27.5__546			0.025594		0.965000		0.971667
0.28_0.34_6.10e+00_7.32e-04_29.0__573			0.017849		0.978333		0.960000
0.28_0.34_6.10e+00_7.32e-04_24.4__488			0.021470		0.965000		0.960000
0.28_0.34_6.10e+00_7.32e-04_26.4__529			0.030215		0.966667		0.945000
0.28_0.34_6.10e+00_7.32e-04_28.5__565			0.033055		0.960000		0.941667
0.28_0.34_6.10e+00_7.32e-04_24.9__496			0.027068		0.971667		0.970000
0.28_0.34_6.10e+00_7.32e-04_26.4__523			0.016545		0.976667		0.970000
0.28_0.34_6.10e+00_7.32e-04_25.4__502			0.029285		0.963333		0.958333
0.28_0.34_6.10e+00_7.32e-04_26.9__533			0.016570		0.980000		0.968333
0.28_0.34_6.10e+00_7.32e-04_26.4__527			0.029290		0.963333		0.980000
0.28_0.34_6.10e+00_7.32e-04_24.4__486			0.027092		0.968333		0.966667
0.28_0.34_6.10e+00_7.32e-04_22.9__455			0.033941		0.955000		0.941667
0.28_0.34_6.10e+00_7.32e-04_27.5__541			0.017247		0.965000		0.973333
0.28_0.34_6.10e+00_7.32e-04_24.9__491			0.017541		0.968333		0.973333
0.28_0.34_6.10e+00_7.32e-04_26.4__520			0.016751		0.981667		0.973333
0.28_0.34_6.10e+00_7.32e-04_23.4__467			0.025582		0.976667		0.978333
0.28_0.34_6.10e+00_7.32e-04_25.4__507			0.027119		0.970000		0.976667
0.28_0.34_6.10e+00_7.32e-04_25.4__501			0.017460		0.968333		0.973333
0.28_0.34_6.10e+00_7.32e-04_30.0__594			0.024355		0.955000		0.968333
0.28_0.34_6.10e+00_7.32e-04_28.0__557			0.029007		0.960000		0.975000
0.28_0.34_6.10e+00_7.32e-04_28.0__553			0.016780		0.978333		0.961667
0.28_0.34_6.10e+00_7.32e-04_28.5__562			0.029693		0.958333		0.966667
0.28_0.34_6.10e+00_7.32e-04_26.9__538			0.021057		0.966667		0.961667
0.28_0.34_6.10e+00_7.32e-04_24.9__498			0.021542		0.963333		0.961667
0.28_0.34_6.10e+00_7.32e-04_24.9__493			0.018128		0.975000		0.958333
0.28_0.34_6.10e+00_7.32e-04_26.4__525			0.030722		0.963333		0.941667
0.28_0.34_6.10e+00_7.32e-04_23.4__465			0.032528		0.958333		0.945000
0.28_0.34_6.10e+00_7.32e-04_27.5__549			0.029458		0.966667		0.948333
0.28_0.34_6.10e+00_7.32e-04_25.9__515			0.031195		0.963333		0.940000
0.28_0.34_6.10e+00_7.32e-04_21.9__430			0.020780		0.968333		0.965000
0.28_0.34_6.10e+00_7.32e-04_28.0__552			0.029641		0.963333		0.963333
0.28_0.34_6.10e+00_7.32e-04_23.9__471			0.017155		0.965000		0.970000
0.28_0.34_6.10e+00_7.32e-04_29.5__582			0.029412		0.956667		0.956667
0.28_0.34_6.10e+00_7.32e-04_25.4__508			0.021396		0.968333		0.963333
0.28_0.34_6.10e+00_7.32e-04_22.9__458			0.021121		0.966667		0.963333
0.28_0.34_6.10e+00_7.32e-04_26.4__522			0.027890		0.958333		0.956667
0.28_0.34_6.10e+00_7.32e-04_25.9__519			0.031204		0.968333		0.948333
0.28_0.34_6.10e+00_7.32e-04_29.5__588			0.022479		0.966667		0.958333
0.28_0.34_6.10e+00_7.32e-04_27.5__547			0.026949		0.970000		0.978333
0.28_0.34_6.10e+00_7.32e-04_24.4__483			0.018379		0.973333		0.958333
0.28_0.34_6.10e+00_7.32e-04_26.9__532			0.029210		0.958333		0.956667
0.28_0.34_6.10e+00_7.32e-04_23.4__462			0.030591		0.956667		0.955000
0.28_0.34_6.10e+00_7.32e-04_28.5__569			0.030211		0.961667		0.941667
0.28_0.34_6.10e+00_7.32e-04_29.0__572			0.030022		0.956667		0.958333
0.28_0.34_6.10e+00_7.32e-04_22.9__459			0.032409		0.960000		0.951667
0.28_0.34_6.10e+00_7.32e-04_30.0__595			0.033208		0.960000		0.945000
0.28_0.34_6.10e+00_7.32e-04_25.9__514			0.022959		0.956667		0.976667
0.28_0.34_6.10e+00_7.32e-04_21.9__435			0.031794		0.955000		0.950000
0.28_0.34_6.10e+00_7.32e-04_26.4__526			0.025379		0.966667		0.968333
0.28_0.34_6.10e+00_7.32e-04_20.8__414			0.023093		0.960000		0.973333
0.28_0.34_6.10e+00_7.32e-04_21.9__433			0.021339		0.973333		0.958333
0.28_0.34_6.10e+00_7.32e-04_22.9__454			0.023035		0.958333		0.978333
0.28_0.34_6.10e+00_7.32e-04_25.4__506			0.027236		0.966667		0.971667
0.28_0.34_6.10e+00_7.32e-04_28.5__566			0.026198		0.968333		0.970000
0.28_0.34_6.10e+00_7.32e-04_22.9__450			0.019132		0.970000		0.971667
0.28_0.34_6.10e+00_7.32e-04_23.9__475			0.031608		0.956667		0.941667
0.28_0.34_6.10e+00_7.32e-04_26.4__528			0.021105		0.966667		0.961667
0.28_0.34_6.10e+00_7.32e-04_24.9__495			0.031146		0.963333		0.943333
0.28_0.34_6.10e+00_7.32e-04_23.9__478			0.019999		0.965000		0.973333
0.28_0.34_6.10e+00_7.32e-04_28.5__564			0.023187		0.956667		0.971667
0.28_0.34_6.10e+00_7.32e-04_24.4__480			0.017783		0.975000		0.971667
0.28_0.34_6.10e+00_7.32e-04_22.4__442			0.030016		0.960000		0.958333
0.28_0.34_6.10e+00_7.32e-04_25.4__503			0.016558		0.973333		0.961667
0.28_0.34_6.10e+00_7.32e-04_22.9__457			0.026521		0.976667		0.978333
0.28_0.34_6.10e+00_7.32e-04_23.4__461			0.018139		0.966667		0.965000
0.28_0.34_6.10e+00_7.32e-04_26.9__531			0.017279		0.961667		0.971667
0.28_0.34_6.10e+00_7.32e-04_22.9__452			0.030835		0.958333		0.956667
0.28_0.34_6.10e+00_7.32e-04_24.4__487			0.024179		0.973333		0.980000
0.28_0.34_6.10e+00_7.32e-04_26.9__534			0.024048		0.953333		0.975000
0.28_0.34_6.10e+00_7.32e-04_22.4__447			0.026283		0.975000		0.981667
0.28_0.34_6.10e+00_7.32e-04_28.0__559			0.030574		0.961667		0.941667
0.28_0.34_6.10e+00_7.32e-04_22.4__449			0.033733		0.955000		0.948333
0.28_0.34_6.10e+00_7.32e-04_20.8__413			0.023267		0.966667		0.953333
0.28_0.34_6.10e+00_7.32e-04_20.3__405			0.036540		0.950000		0.945000
0.28_0.34_6.10e+00_7.32e-04_22.9__451			0.017788		0.961667		0.966667
0.28_0.34_6.10e+00_7.32e-04_24.4__489			0.031332		0.961667		0.943333
0.28_0.34_6.10e+00_7.32e-04_28.5__567			0.031217		0.958333		0.973333
0.28_0.34_6.10e+00_7.32e-04_21.4__427			0.027873		0.963333		0.978333
0.28_0.34_6.10e+00_7.32e-04_21.4__422			0.037454		0.941667		0.936667
0.28_0.34_6.10e+00_7.32e-04_30.0__596			0.026219		0.970000		0.973333
0.28_0.34_6.10e+00_7.32e-04_28.0__551			0.017201		0.965000		0.970000
0.28_0.34_6.10e+00_7.32e-04_30.0__590			0.021676		0.971667		0.963333
0.28_0.34_6.10e+00_7.32e-04_20.3__403			0.022490		0.968333		0.956667
0.28_0.34_6.10e+00_7.32e-04_30.0__592			0.030805		0.955000		0.963333
0.28_0.34_6.10e+00_7.32e-04_23.9__470			0.017782		0.975000		0.970000
0.28_0.34_6.10e+00_7.32e-04_21.9__434			0.023201		0.961667		0.981667
0.28_0.34_6.10e+00_7.32e-04_19.8__395			0.038514		0.948333		0.928333
0.28_0.34_6.10e+00_7.32e-04_24.4__482			0.029651		0.961667		0.956667
0.28_0.34_6.10e+00_7.32e-04_25.4__500			0.017974		0.973333		0.966667
0.28_0.34_6.10e+00_7.32e-04_27.5__544			0.023829		0.956667		0.975000
0.28_0.34_6.10e+00_7.32e-04_17.3__347			0.053190		0.903333		0.908333
0.28_0.34_6.10e+00_7.32e-04_25.4__505			0.031201		0.965000		0.940000
0.28_0.34_6.10e+00_7.32e-04_21.4__421			0.019703		0.966667		0.966667
0.28_0.34_6.10e+00_7.32e-04_19.3__381			0.023383		0.953333		0.965000
0.28_0.34_6.10e+00_7.32e-04_19.8__398			0.025127		0.960000		0.953333
0.28_0.34_6.10e+00_7.32e-04_17.8__356			0.040034		0.943333		0.958333
0.28_0.34_6.10e+00_7.32e-04_19.3__383			0.026456		0.955000		0.943333
0.28_0.34_6.10e+00_7.32e-04_19.8__390			0.021462		0.971667		0.961667
0.28_0.34_6.10e+00_7.32e-04_24.4__484			0.023776		0.963333		0.973333
0.28_0.34_6.10e+00_7.32e-04_20.8__416			0.031260		0.950000		0.960000
0.28_0.34_6.10e+00_7.32e-04_18.3__368			0.032097		0.961667		0.941667
0.28_0.34_6.10e+00_7.32e-04_19.8__393			0.023489		0.963333		0.946667
0.28_0.34_6.10e+00_7.32e-04_21.9__432			0.030680		0.955000		0.955000
0.28_0.34_6.10e+00_7.32e-04_24.9__499			0.030914		0.960000		0.951667
0.28_0.34_6.10e+00_7.32e-04_23.9__474			0.021825		0.963333		0.981667
0.28_0.34_6.10e+00_7.32e-04_21.9__439			0.035320		0.951667		0.931667
0.28_0.34_6.10e+00_7.32e-04_18.8__371			0.025425		0.943333		0.963333
0.28_0.34_6.10e+00_7.32e-04_21.9__436			0.030719		0.956667		0.958333
0.28_0.34_6.10e+00_7.32e-04_18.8__377			0.040334		0.955000		0.968333
0.28_0.34_6.10e+00_7.32e-04_19.8__394			0.025451		0.953333		0.960000
0.28_0.34_6.10e+00_7.32e-04_27.5__548			0.019275		0.966667		0.973333
0.28_0.34_6.10e+00_7.32e-04_19.8__396			0.033771		0.955000		0.966667
0.28_0.34_6.10e+00_7.32e-04_24.9__492			0.030652		0.960000		0.955000
0.28_0.34_6.10e+00_7.32e-04_22.9__453			0.020802		0.971667		0.961667
0.28_0.34_6.10e+00_7.32e-04_18.8__372			0.040919		0.933333		0.938333
0.28_0.34_6.10e+00_7.32e-04_18.8__373			0.027057		0.958333		0.943333
0.28_0.34_6.10e+00_7.32e-04_17.3__348			0.037441		0.941667		0.925000
0.28_0.34_6.10e+00_7.32e-04_15.8__315			0.064461		0.890000		0.866667
0.28_0.34_6.10e+00_7.32e-04_21.4__428			0.025568		0.956667		0.955000
0.28_0.34_6.10e+00_7.32e-04_20.3__400			0.021832		0.966667		0.960000
0.28_0.34_6.10e+00_7.32e-04_21.4__425			0.034491		0.948333		0.941667
0.28_0.34_6.10e+00_7.32e-04_28.5__568			0.019067		0.963333		0.971667
0.28_0.34_6.10e+00_7.32e-04_16.8__332			0.054696		0.875000		0.865000
0.28_0.34_6.10e+00_7.32e-04_23.4__468			0.019022		0.970000		0.966667
0.28_0.34_6.10e+00_7.32e-04_18.3__365			0.040718		0.948333		0.940000
0.28_0.34_6.10e+00_7.32e-04_18.3__367			0.036208		0.955000		0.961667
0.28_0.34_6.10e+00_7.32e-04_18.3__360			0.032702		0.928333		0.913333
0.28_0.34_6.10e+00_7.32e-04_23.4__460			0.019025		0.968333		0.963333
0.28_0.34_6.10e+00_7.32e-04_20.8__412			0.040519		0.936667		0.943333
0.28_0.34_6.10e+00_7.32e-04_23.9__479			0.032078		0.956667		0.946667
0.28_0.34_6.10e+00_7.32e-04_16.3__325			0.064152		0.895000		0.865000
0.28_0.34_6.10e+00_7.32e-04_24.4__485			0.030415		0.961667		0.943333
0.28_0.34_6.10e+00_7.32e-04_21.9__437			0.027371		0.973333		0.976667
0.28_0.34_6.10e+00_7.32e-04_15.8__313			0.054764		0.870000		0.846667
0.28_0.34_6.10e+00_7.32e-04_23.9__472			0.030563		0.960000		0.953333
0.28_0.34_6.10e+00_7.32e-04_15.8__318			0.054472		0.861667		0.841667
0.28_0.34_6.10e+00_7.32e-04_20.3__401			0.021872		0.953333		0.961667
0.28_0.34_6.10e+00_7.32e-04_23.4__464			0.024005		0.958333		0.980000
0.28_0.34_6.10e+00_7.32e-04_15.3__306			0.060520		0.850000		0.883333
0.28_0.34_6.10e+00_7.32e-04_16.3__328			0.052551		0.860000		0.841667
0.28_0.34_6.10e+00_7.32e-04_18.8__378			0.038855		0.943333		0.930000
0.28_0.34_6.10e+00_7.32e-04_24.4__481			0.016315		0.970000		0.968333
0.28_0.34_6.10e+00_7.32e-04_18.8__375			0.044066		0.938333		0.923333
0.28_0.34_6.10e+00_7.32e-04_23.9__473			0.019701		0.973333		0.960000
0.28_0.34_6.10e+00_7.32e-04_21.4__429			0.036514		0.955000		0.931667
0.28_0.34_6.10e+00_7.32e-04_21.4__426			0.030083		0.955000		0.960000
0.28_0.34_6.10e+00_7.32e-04_30.0__599			0.030379		0.961667		0.950000
0.28_0.34_6.10e+00_7.32e-04_20.3__407			0.027805		0.971667		0.968333
0.28_0.34_6.10e+00_7.32e-04_17.3__346			0.045279		0.941667		0.946667
0.28_0.34_6.10e+00_7.32e-04_26.9__536			0.026138		0.968333		0.971667
0.28_0.34_6.10e+00_7.32e-04_16.8__330			0.046655		0.888333		0.871667
0.28_0.34_6.10e+00_7.32e-04_23.4__469			0.035129		0.945000		0.950000
0.28_0.34_6.10e+00_7.32e-04_22.4__446			0.029109		0.958333		0.961667
0.28_0.34_6.10e+00_7.32e-04_27.5__540			0.017912		0.983333		0.973333
0.28_0.34_6.10e+00_7.32e-04_19.3__380			0.024481		0.966667		0.956667
0.28_0.34_6.10e+00_7.32e-04_18.3__369			0.046548		0.921667		0.910000
0.28_0.34_6.10e+00_7.32e-04_15.8__314			0.070177		0.848333		0.880000
0.28_0.34_6.10e+00_7.32e-04_16.8__336			0.055604		0.873333		0.895000
0.28_0.34_6.10e+00_7.32e-04_22.4__441			0.019678		0.955000		0.966667
0.28_0.34_6.10e+00_7.32e-04_21.4__420			0.020162		0.973333		0.968333
0.28_0.34_6.10e+00_7.32e-04_25.9__518			0.021640		0.970000		0.965000
0.28_0.34_6.10e+00_7.32e-04_24.9__490			0.020607		0.963333		0.961667
0.28_0.34_6.10e+00_7.32e-04_23.4__463			0.019511		0.973333		0.963333
0.28_0.34_6.10e+00_7.32e-04_25.9__513			0.018303		0.976667		0.966667
0.28_0.34_6.10e+00_7.32e-04_22.4__440			0.020151		0.968333		0.965000
0.28_0.34_6.10e+00_7.32e-04_15.3__300			0.053228		0.888333		0.870000
0.28_0.34_6.10e+00_7.32e-04_15.8__312			0.056418		0.871667		0.858333
0.28_0.34_6.10e+00_7.32e-04_25.4__509			0.028965		0.966667		0.956667
0.28_0.34_6.10e+00_7.32e-04_19.8__391			0.023585		0.958333		0.963333
0.28_0.34_6.10e+00_7.32e-04_19.3__385			0.040590		0.955000		0.950000
0.28_0.34_6.10e+00_7.32e-04_18.8__376			0.039959		0.946667		0.958333
0.28_0.34_6.10e+00_7.32e-04_17.8__350			0.045220		0.888333		0.878333
0.28_0.34_6.10e+00_7.32e-04_26.9__535			0.031382		0.958333		0.943333
0.28_0.34_6.10e+00_7.32e-04_17.8__354			0.056875		0.883333		0.896667
0.28_0.34_6.10e+00_7.32e-04_29.5__584			0.023752		0.955000		0.971667
0.28_0.34_6.10e+00_7.32e-04_14.2__281			0.057747		0.818333		0.818333
0.28_0.34_6.10e+00_7.32e-04_16.8__331			0.046146		0.890000		0.916667
0.28_0.34_6.10e+00_7.32e-04_11.2__221			0.130014		0.663333		0.676667
0.28_0.34_6.10e+00_7.32e-04_18.8__379			0.042960		0.921667		0.915000
0.28_0.34_6.10e+00_7.32e-04_18.3__362			0.042790		0.936667		0.921667
0.28_0.34_6.10e+00_7.32e-04_20.3__404			0.023755		0.955000		0.968333
0.28_0.34_6.10e+00_7.32e-04_21.9__438			0.023345		0.963333		0.960000
0.28_0.34_6.10e+00_7.32e-04_15.3__305			0.066062		0.886667		0.858333
0.28_0.34_6.10e+00_7.32e-04_14.2__287			0.068362		0.841667		0.876667
0.28_0.34_6.10e+00_7.32e-04_17.3__349			0.056421		0.900000		0.876667
0.28_0.34_6.10e+00_7.32e-04_16.3__327			0.062991		0.853333		0.876667
0.28_0.34_6.10e+00_7.32e-04_19.3__382			0.042014		0.933333		0.940000
0.28_0.34_6.10e+00_7.32e-04_11.7__230			0.091538		0.775000		0.771667
0.28_0.34_6.10e+00_7.32e-04_19.3__384			0.027684		0.948333		0.961667
0.28_0.34_6.10e+00_7.32e-04_18.3__366			0.041908		0.940000		0.950000
0.28_0.34_6.10e+00_7.32e-04_13.7__275			0.085497		0.825000		0.810000
0.28_0.34_6.10e+00_7.32e-04_19.3__389			0.039088		0.946667		0.931667
0.28_0.34_6.10e+00_7.32e-04_17.3__341			0.036467		0.923333		0.936667
0.28_0.34_6.10e+00_7.32e-04_16.8__335			0.061656		0.906667		0.881667
0.28_0.34_6.10e+00_7.32e-04_15.8__317			0.063078		0.850000		0.871667
0.28_0.34_6.10e+00_7.32e-04_16.3__322			0.054546		0.876667		0.865000
0.28_0.34_6.10e+00_7.32e-04_20.8__411			0.022138		0.960000		0.965000
0.28_0.34_6.10e+00_7.32e-04_21.4__424			0.022255		0.960000		0.980000
0.28_0.34_6.10e+00_7.32e-04_23.9__477			0.025226		0.975000		0.975000
0.28_0.34_6.10e+00_7.32e-04_14.2__282			0.070748		0.820000		0.808333
0.28_0.34_6.10e+00_7.32e-04_15.3__308			0.054089		0.856667		0.828333
0.28_0.34_6.10e+00_7.32e-04_17.3__343			0.042215		0.918333		0.903333
0.28_0.34_6.10e+00_7.32e-04_14.2__286			0.062581		0.846667		0.873333
0.28_0.34_6.10e+00_7.32e-04_13.7__274			0.080500		0.813333		0.840000
0.28_0.34_6.10e+00_7.32e-04_13.2__264			0.084502		0.785000		0.821667
0.28_0.34_6.10e+00_7.32e-04_19.8__399			0.036491		0.941667		0.933333
0.28_0.34_6.10e+00_7.32e-04_13.2__268			0.067842		0.770000		0.750000
0.28_0.34_6.10e+00_7.32e-04_14.7__297			0.066775		0.855000		0.883333
0.28_0.34_6.10e+00_7.32e-04_12.2__240			0.084368		0.790000		0.773333
0.28_0.34_6.10e+00_7.32e-04_12.7__250			0.082199		0.796667		0.783333
0.28_0.34_6.10e+00_7.32e-04_13.2__261			0.066031		0.798333		0.803333
0.28_0.34_6.10e+00_7.32e-04_11.7__233			0.087124		0.765000		0.738333
0.28_0.34_6.10e+00_7.32e-04_25.9__510			0.018861		0.978333		0.971667
0.28_0.34_6.10e+00_7.32e-04_21.9__431			0.019456		0.960000		0.960000
0.28_0.34_6.10e+00_7.32e-04_16.3__326			0.057286		0.868333		0.891667
0.28_0.34_6.10e+00_7.32e-04_16.8__337			0.062647		0.856667		0.881667
0.28_0.34_6.10e+00_7.32e-04_11.2__227			0.118459		0.705000		0.750000
0.28_0.34_6.10e+00_7.32e-04_21.4__423			0.021714		0.970000		0.956667
0.28_0.34_6.10e+00_7.32e-04_17.3__340			0.047073		0.890000		0.868333
0.28_0.34_6.10e+00_7.32e-04_26.4__524			0.023952		0.956667		0.973333
0.28_0.34_6.10e+00_7.32e-04_22.4__445			0.032697		0.960000		0.951667
0.28_0.34_6.10e+00_7.32e-04_12.7__257			0.100220		0.756667		0.781667
0.28_0.34_6.10e+00_7.32e-04_20.8__417			0.026394		0.963333		0.971667
0.28_0.34_6.10e+00_7.32e-04_15.8__316			0.058098		0.875000		0.890000
0.28_0.34_6.10e+00_7.32e-04_19.3__386			0.034315		0.943333		0.963333
0.28_0.34_6.10e+00_7.32e-04_22.4__444			0.023593		0.960000		0.975000
0.28_0.34_6.10e+00_7.32e-04_16.3__329			0.064737		0.856667		0.855000
0.28_0.34_6.10e+00_7.32e-04_20.3__406			0.033263		0.951667		0.958333
0.28_0.34_6.10e+00_7.32e-04_12.7__251			0.086291		0.748333		0.755000
0.28_0.34_6.10e+00_7.32e-04_22.4__443			0.020412		0.971667		0.958333
0.28_0.34_6.10e+00_7.32e-04_15.3__302			0.057816		0.853333		0.843333
0.28_0.34_6.10e+00_7.32e-04_10.7__215			0.130170		0.673333		0.691667
0.28_0.34_6.10e+00_7.32e-04_11.7__234			0.121884		0.661667		0.670000
0.28_0.34_6.10e+00_7.32e-04_24.9__497			0.026184		0.970000		0.980000
0.28_0.34_6.10e+00_7.32e-04_16.3__320			0.047381		0.886667		0.868333
0.28_0.34_6.10e+00_7.32e-04_25.9__517			0.030208		0.963333		0.978333
0.28_0.34_6.10e+00_7.32e-04_12.7__258			0.078265		0.750000		0.725000
0.28_0.34_6.10e+00_7.32e-04_20.3__408			0.024908		0.956667		0.953333
0.28_0.34_6.10e+00_7.32e-04_14.7__291			0.055898		0.853333		0.833333
0.28_0.34_6.10e+00_7.32e-04_9.2__182			0.130591		0.593333		0.570000
0.28_0.34_6.10e+00_7.32e-04_17.3__345			0.060903		0.906667		0.878333
0.28_0.34_6.10e+00_7.32e-04_12.7__256			0.072553		0.795000		0.796667
0.28_0.34_6.10e+00_7.32e-04_13.2__266			0.068665		0.810000		0.820000
0.28_0.34_6.10e+00_7.32e-04_15.8__310			0.050501		0.883333		0.866667
0.28_0.34_6.10e+00_7.32e-04_25.9__512			0.029819		0.961667		0.965000
0.28_0.34_6.10e+00_7.32e-04_24.9__494			0.023438		0.960000		0.980000
0.28_0.34_6.10e+00_7.32e-04_28.0__556			0.026148		0.968333		0.971667
0.28_0.34_6.10e+00_7.32e-04_10.7__218			0.124914		0.736667		0.701667
0.28_0.34_6.10e+00_7.32e-04_18.3__361			0.028550		0.936667		0.955000
0.28_0.34_6.10e+00_7.32e-04_14.7__290			0.060013		0.876667		0.863333
0.28_0.34_6.10e+00_7.32e-04_18.3__363			0.029102		0.955000		0.940000
0.28_0.34_6.10e+00_7.32e-04_20.8__410			0.020779		0.970000		0.965000
0.28_0.34_6.10e+00_7.32e-04_11.2__223			0.117906		0.576667		0.566667
0.28_0.34_6.10e+00_7.32e-04_14.2__283			0.069869		0.818333		0.813333
0.28_0.34_6.10e+00_7.32e-04_13.2__265			0.091561		0.798333		0.778333
0.28_0.34_6.10e+00_7.32e-04_19.3__388			0.030436		0.958333		0.963333
0.28_0.34_6.10e+00_7.32e-04_15.8__311			0.041811		0.905000		0.911667
0.28_0.34_6.10e+00_7.32e-04_15.8__319			0.072644		0.841667		0.836667
0.28_0.34_6.10e+00_7.32e-04_19.3__387			0.039938		0.948333		0.966667
0.28_0.34_6.10e+00_7.32e-04_11.7__237			0.117448		0.698333		0.731667
0.28_0.34_6.10e+00_7.32e-04_23.4__466			0.028614		0.965000		0.965000
0.28_0.34_6.10e+00_7.32e-04_14.7__296			0.062416		0.848333		0.880000
0.28_0.34_6.10e+00_7.32e-04_22.4__448			0.023214		0.960000		0.955000
0.28_0.34_6.10e+00_7.32e-04_20.3__409			0.038543		0.940000		0.931667
0.28_0.34_6.10e+00_7.32e-04_20.3__402			0.037516		0.946667		0.940000
0.28_0.34_6.10e+00_7.32e-04_17.8__351			0.033882		0.928333		0.941667
0.28_0.34_6.10e+00_7.32e-04_11.2__229			0.101709		0.703333		0.711667
0.28_0.34_6.10e+00_7.32e-04_10.2__206			0.121813		0.563333		0.580000
0.28_0.34_6.10e+00_7.32e-04_14.7__292			0.063688		0.836667		0.820000
0.28_0.34_6.10e+00_7.32e-04_12.2__241			0.105728		0.710000		0.706667
0.28_0.34_6.10e+00_7.32e-04_12.2__248			0.091898		0.723333		0.681667
0.28_0.34_6.10e+00_7.32e-04_13.2__263			0.080452		0.786667		0.770000
0.28_0.34_6.10e+00_7.32e-04_9.7__191			0.137623		0.645000		0.660000
0.28_0.34_6.10e+00_7.32e-04_11.2__224			0.130611		0.580000		0.586667
0.28_0.34_6.10e+00_7.32e-04_23.9__476			0.027879		0.963333		0.966667
0.28_0.34_6.10e+00_7.32e-04_13.7__279			0.087718		0.776667		0.761667
0.28_0.34_6.10e+00_7.32e-04_10.7__219			0.123324		0.630000		0.653333
0.28_0.34_6.10e+00_7.32e-04_10.7__216			0.121540		0.566667		0.581667
0.28_0.34_6.10e+00_7.32e-04_13.2__262			0.084224		0.806667		0.793333
0.28_0.34_6.10e+00_7.32e-04_10.7__217			0.125055		0.556667		0.558333
0.28_0.34_6.10e+00_7.32e-04_13.7__272			0.080183		0.805000		0.790000
0.28_0.34_6.10e+00_7.32e-04_14.2__285			0.080805		0.850000		0.823333
0.28_0.34_6.10e+00_7.32e-04_9.7__199			0.132863		0.613333		0.651667
0.28_0.34_6.10e+00_7.32e-04_11.2__226			0.112857		0.705000		0.680000
0.28_0.34_6.10e+00_7.32e-04_12.7__259			0.094669		0.758333		0.736667
0.28_0.34_6.10e+00_7.32e-04_13.2__267			0.089194		0.788333		0.800000
0.28_0.34_6.10e+00_7.32e-04_19.8__397			0.032445		0.961667		0.973333
0.28_0.34_6.10e+00_7.32e-04_14.7__295			0.066796		0.876667		0.850000
0.28_0.34_6.10e+00_7.32e-04_9.7__194			0.168411		0.573333		0.580000
0.28_0.34_6.10e+00_7.32e-04_16.3__323			0.052585		0.888333		0.866667
0.28_0.34_6.10e+00_7.32e-04_13.7__278			0.066280		0.776667		0.758333
0.28_0.34_6.10e+00_7.32e-04_12.7__253			0.091185		0.748333		0.731667
0.28_0.34_6.10e+00_7.32e-04_10.2__207			0.135439		0.595000		0.603333
0.28_0.34_6.10e+00_7.32e-04_8.6__173			0.125284		0.575000		0.563333
0.28_0.34_6.10e+00_7.32e-04_9.2__181			0.136782		0.636667		0.640000
0.28_0.34_6.10e+00_7.32e-04_17.8__353			0.037596		0.940000		0.935000
0.28_0.34_6.10e+00_7.32e-04_14.7__294			0.085937		0.840000		0.885000
0.28_0.34_6.10e+00_7.32e-04_14.2__288			0.059654		0.803333		0.781667
0.28_0.34_6.10e+00_7.32e-04_9.2__186			0.132566		0.575000		0.601667
0.28_0.34_6.10e+00_7.32e-04_16.3__324			0.064882		0.850000		0.868333
0.28_0.34_6.10e+00_7.32e-04_13.7__273			0.071268		0.806667		0.801667
0.28_0.34_6.10e+00_7.32e-04_15.3__304			0.070824		0.841667		0.890000
0.28_0.34_6.10e+00_7.32e-04_11.2__228			0.105040		0.718333		0.696667
0.28_0.34_6.10e+00_7.32e-04_13.7__270			0.073359		0.816667		0.810000
0.28_0.34_6.10e+00_7.32e-04_10.2__204			0.137973		0.578333		0.593333
0.28_0.34_6.10e+00_7.32e-04_12.2__243			0.095117		0.781667		0.760000
0.28_0.34_6.10e+00_7.32e-04_15.3__301			0.051974		0.871667		0.881667
0.28_0.34_6.10e+00_7.32e-04_15.3__307			0.063633		0.860000		0.866667
0.28_0.34_6.10e+00_7.32e-04_4.6__97			0.135106		0.593333		0.593333
0.28_0.34_6.10e+00_7.32e-04_8.6__175			0.150632		0.576667		0.586667
0.28_0.34_6.10e+00_7.32e-04_5.1__100			0.183918		0.326667		0.356667
0.28_0.34_6.10e+00_7.32e-04_11.2__220			0.125006		0.571667		0.613333
0.28_0.34_6.10e+00_7.32e-04_17.8__358			0.037785		0.943333		0.920000
0.28_0.34_6.10e+00_7.32e-04_12.7__254			0.086700		0.781667		0.801667
0.28_0.34_6.10e+00_7.32e-04_12.2__244			0.092155		0.786667		0.788333
0.28_0.34_6.10e+00_7.32e-04_12.2__242			0.096995		0.783333		0.763333
0.28_0.34_6.10e+00_7.32e-04_8.1__161			0.136637		0.621667		0.628333
0.28_0.34_6.10e+00_7.32e-04_7.1__148			0.138334		0.666667		0.625000
0.28_0.34_6.10e+00_7.32e-04_13.7__277			0.080462		0.803333		0.823333
0.28_0.34_6.10e+00_7.32e-04_7.6__153			0.132498		0.566667		0.556667
0.28_0.34_6.10e+00_7.32e-04_7.1__143			0.133377		0.566667		0.556667
0.28_0.34_6.10e+00_7.32e-04_25.9__516			0.026854		0.961667		0.970000
0.28_0.34_6.10e+00_7.32e-04_12.2__249			0.103332		0.770000		0.750000
0.28_0.34_6.10e+00_7.32e-04_5.1__105			0.177508		0.348333		0.376667
0.28_0.34_6.10e+00_7.32e-04_6.6__139			0.135191		0.638333		0.658333
0.28_0.34_6.10e+00_7.32e-04_3.6__71			0.157070		0.683333		0.685000
0.28_0.34_6.10e+00_7.32e-04_5.1__104			0.214516		0.345000		0.331667
0.28_0.34_6.10e+00_7.32e-04_5.6__111			0.136900		0.596667		0.603333
0.28_0.34_6.10e+00_7.32e-04_5.6__119			0.135851		0.641667		0.661667
0.28_0.34_6.10e+00_7.32e-04_6.6__133			0.134238		0.566667		0.556667
0.28_0.34_6.10e+00_7.32e-04_4.6__91			0.140914		0.600000		0.583333
0.28_0.34_6.10e+00_7.32e-04_10.7__213			0.124618		0.576667		0.565000
0.28_0.34_6.10e+00_7.32e-04_5.6__117			0.136968		0.596667		0.600000
0.28_0.34_6.10e+00_7.32e-04_8.6__171			0.136713		0.623333		0.630000
0.28_0.34_6.10e+00_7.32e-04_8.1__169			0.135380		0.620000		0.651667
0.28_0.34_6.10e+00_7.32e-04_4.1__88			0.178639		0.425000		0.406667
0.28_0.34_6.10e+00_7.32e-04_6.6__138			0.138786		0.666667		0.613333
0.28_0.34_6.10e+00_7.32e-04_9.7__197			0.135098		0.593333		0.600000
0.28_0.34_6.10e+00_7.32e-04_8.6__174			0.170828		0.568333		0.575000
0.28_0.34_6.10e+00_7.32e-04_14.2__284			0.068688		0.828333		0.851667
0.28_0.34_6.10e+00_7.32e-04_19.8__392			0.038450		0.950000		0.945000
0.28_0.34_6.10e+00_7.32e-04_6.1__120			0.184585		0.326667		0.356667
0.28_0.34_6.10e+00_7.32e-04_10.2__200			0.124271		0.568333		0.610000
0.28_0.34_6.10e+00_7.32e-04_17.8__352			0.053654		0.881667		0.873333
0.28_0.34_6.10e+00_7.32e-04_5.6__110			0.184132		0.326667		0.356667
0.28_0.34_6.10e+00_7.32e-04_16.3__321			0.046523		0.895000		0.901667
0.28_0.34_6.10e+00_7.32e-04_10.2__205			0.149633		0.575000		0.586667
0.28_0.34_6.10e+00_7.32e-04_6.1__125			0.151653		0.568333		0.575000
0.28_0.34_6.10e+00_7.32e-04_10.7__210			0.115278		0.570000		0.610000
0.28_0.34_6.10e+00_7.32e-04_16.8__339			0.055295		0.911667		0.900000
0.28_0.34_6.10e+00_7.32e-04_15.3__309			0.072366		0.838333		0.831667
0.28_0.34_6.10e+00_7.32e-04_9.2__180			0.130353		0.570000		0.610000
0.28_0.34_6.10e+00_7.32e-04_3.6__72			0.139632		0.615000		0.600000
0.28_0.34_6.10e+00_7.32e-04_1.5__36			0.143714		0.553333		0.571667
0.28_0.34_6.10e+00_7.32e-04_2.0__48			0.134866		0.698333		0.661667
0.28_0.34_6.10e+00_7.32e-04_7.1__142			0.130506		0.585000		0.558333
0.28_0.34_6.10e+00_7.32e-04_10.2__202			0.129102		0.591667		0.575000
0.28_0.34_6.10e+00_7.32e-04_2.5__53			0.127746		0.583333		0.561667
0.28_0.34_6.10e+00_7.32e-04_11.7__231			0.109908		0.636667		0.616667
0.28_0.34_6.10e+00_7.32e-04_7.6__150			0.130781		0.570000		0.608333
0.28_0.34_6.10e+00_7.32e-04_2.5__56			0.136992		0.568333		0.586667
0.28_0.34_6.10e+00_7.32e-04_7.6__157			0.138035		0.593333		0.596667
0.28_0.34_6.10e+00_7.32e-04_20.8__418			0.023506		0.963333		0.961667
0.28_0.34_6.10e+00_7.32e-04_7.6__152			0.130489		0.586667		0.558333
0.28_0.34_6.10e+00_7.32e-04_5.6__118			0.139560		0.636667		0.598333
0.28_0.34_6.10e+00_7.32e-04_10.7__212			0.126193		0.643333		0.603333
0.28_0.34_6.10e+00_7.32e-04_30.0__593			0.017652		0.976667		0.960000
0.28_0.34_6.10e+00_7.32e-04_5.1__106			0.132132		0.583333		0.601667
0.28_0.34_6.10e+00_7.32e-04_4.6__99			0.183329		0.448333		0.441667
0.28_0.34_6.10e+00_7.32e-04_20.8__419			0.038635		0.940000		0.935000
0.28_0.34_6.10e+00_7.32e-04_6.6__130			0.131187		0.570000		0.608333
0.28_0.34_6.10e+00_7.32e-04_7.6__158			0.136212		0.723333		0.685000
0.28_0.34_6.10e+00_7.32e-04_7.6__159			0.135295		0.625000		0.650000
0.28_0.34_6.10e+00_7.32e-04_7.1__140			0.131137		0.570000		0.608333
0.28_0.34_6.10e+00_7.32e-04_13.2__260			0.074362		0.815000		0.813333
0.28_0.34_6.10e+00_7.32e-04_4.6__93			0.175869		0.328333		0.328333
0.28_0.34_6.10e+00_7.32e-04_17.3__342			0.054417		0.875000		0.881667
0.28_0.34_6.10e+00_7.32e-04_8.1__168			0.136482		0.726667		0.675000
0.28_0.34_6.10e+00_7.32e-04_9.7__195			0.148733		0.576667		0.586667
0.28_0.34_6.10e+00_7.32e-04_4.1__84			0.182432		0.510000		0.506667
0.28_0.34_6.10e+00_7.32e-04_22.9__456			0.028911		0.963333		0.961667
0.28_0.34_6.10e+00_7.32e-04_12.2__245			0.103534		0.791667		0.765000
0.28_0.34_6.10e+00_7.32e-04_7.6__154			0.173544		0.561667		0.563333
0.28_0.34_6.10e+00_7.32e-04_5.1__107			0.137093		0.591667		0.600000
0.28_0.34_6.10e+00_7.32e-04_3.6__74			0.186751		0.481667		0.465000
0.28_0.34_6.10e+00_7.32e-04_1.0__27			0.134625		0.581667		0.573333
0.28_0.34_6.10e+00_7.32e-04_8.6__170			0.130620		0.570000		0.610000
0.28_0.34_6.10e+00_7.32e-04_6.1__122			0.131916		0.585000		0.560000
0.28_0.34_6.10e+00_7.32e-04_9.7__196			0.131727		0.578333		0.601667
0.28_0.34_6.10e+00_7.32e-04_3.1__65			0.154289		0.533333		0.558333
0.28_0.34_6.10e+00_7.32e-04_2.0__47			0.136680		0.575000		0.568333
0.28_0.34_6.10e+00_7.32e-04_16.8__334			0.064237		0.853333		0.866667
0.28_0.34_6.10e+00_7.32e-04_3.1__60			0.154004		0.563333		0.601667
0.28_0.34_6.10e+00_7.32e-04_9.2__184			0.169478		0.571667		0.580000
0.28_0.34_6.10e+00_7.32e-04_9.7__190			0.128589		0.570000		0.610000
0.28_0.34_6.10e+00_7.32e-04_14.7__293			0.062947		0.843333		0.828333
0.28_0.34_6.10e+00_7.32e-04_14.2__280			0.065973		0.838333		0.826667
0.28_0.34_6.10e+00_7.32e-04_14.7__299			0.080211		0.818333		0.791667
0.28_0.34_6.10e+00_7.32e-04_13.7__271			0.064097		0.803333		0.803333
0.28_0.34_6.10e+00_7.32e-04_11.2__225			0.148548		0.575000		0.586667
0.28_0.34_6.10e+00_7.32e-04_10.7__214			0.146199		0.578333		0.591667
0.28_0.34_6.10e+00_7.32e-04_6.6__131			0.136997		0.600000		0.600000
0.28_0.34_6.10e+00_7.32e-04_14.7__298			0.055851		0.850000		0.818333
0.28_0.34_6.10e+00_7.32e-04_11.7__232			0.111255		0.778333		0.758333
0.28_0.34_6.10e+00_7.32e-04_7.6__151			0.136820		0.613333		0.621667
0.28_0.34_6.10e+00_7.32e-04_6.1__123			0.135058		0.565000		0.556667
0.28_0.34_6.10e+00_7.32e-04_6.6__132			0.130535		0.588333		0.555000
0.28_0.34_6.10e+00_7.32e-04_8.1__167			0.137783		0.593333		0.600000
0.28_0.34_6.10e+00_7.32e-04_11.7__239			0.106242		0.755000		0.735000
0.28_0.34_6.10e+00_7.32e-04_10.2__201			0.134531		0.658333		0.671667
0.28_0.34_6.10e+00_7.32e-04_2.0__45			0.158998		0.530000		0.555000
0.28_0.34_6.10e+00_7.32e-04_4.1__81			0.161980		0.666667		0.653333
0.28_0.34_6.10e+00_7.32e-04_2.5__58			0.138962		0.605000		0.563333
0.28_0.34_6.10e+00_7.32e-04_4.6__94			0.179659		0.536667		0.536667
0.28_0.34_6.10e+00_7.32e-04_3.6__79			0.163943		0.520000		0.541667
0.28_0.34_6.10e+00_7.32e-04_10.2__203			0.124411		0.576667		0.563333
0.28_0.34_6.10e+00_7.32e-04_2.0__40			0.131476		0.563333		0.595000
0.28_0.34_6.10e+00_7.32e-04_3.1__67			0.144100		0.580000		0.575000
0.28_0.34_6.10e+00_7.32e-04_2.0__49			0.132468		0.655000		0.673333
0.28_0.34_6.10e+00_7.32e-04_14.2__289			0.083721		0.786667		0.776667
0.28_0.34_6.10e+00_7.32e-04_6.1__128			0.139311		0.645000		0.605000
0.28_0.34_6.10e+00_7.32e-04_2.5__51			0.138034		0.556667		0.580000
0.28_0.34_6.10e+00_7.32e-04_9.7__198			0.116477		0.720000		0.705000
0.28_0.34_6.10e+00_7.32e-04_4.1__85			0.168298		0.486667		0.510000
0.28_0.34_6.10e+00_7.32e-04_11.7__238			0.113046		0.725000		0.690000
0.28_0.34_6.10e+00_7.32e-04_1.5__34			0.145578		0.556667		0.585000
0.28_0.34_6.10e+00_7.32e-04_7.6__156			0.132117		0.578333		0.603333
0.28_0.34_6.10e+00_7.32e-04_0.0__5			0.142391		0.655000		0.701667
0.28_0.34_6.10e+00_7.32e-04_15.3__303			0.061799		0.853333		0.830000
0.28_0.34_6.10e+00_7.32e-04_13.7__276			0.062182		0.815000		0.826667
0.28_0.34_6.10e+00_7.32e-04_0.5__17			0.132359		0.566667		0.568333
0.28_0.34_6.10e+00_7.32e-04_5.1__101			0.139479		0.598333		0.595000
0.28_0.34_6.10e+00_7.32e-04_9.2__189			0.133574		0.586667		0.631667
0.28_0.34_6.10e+00_7.32e-04_1.0__26			0.148455		0.546667		0.565000
0.28_0.34_6.10e+00_7.32e-04_10.7__211			0.135188		0.648333		0.663333
0.28_0.34_6.10e+00_7.32e-04_4.6__92			0.133801		0.588333		0.565000
0.28_0.34_6.10e+00_7.32e-04_20.8__415			0.036768		0.956667		0.940000
0.28_0.34_6.10e+00_7.32e-04_9.2__187			0.136879		0.593333		0.601667
0.28_0.34_6.10e+00_7.32e-04_1.0__20			0.125459		0.576667		0.615000
0.28_0.34_6.10e+00_7.32e-04_8.1__164			0.171897		0.566667		0.570000
0.28_0.34_6.10e+00_7.32e-04_12.2__247			0.110387		0.706667		0.730000
0.28_0.34_6.10e+00_7.32e-04_0.5__14			0.157082		0.555000		0.588333
0.28_0.34_6.10e+00_7.32e-04_16.8__338			0.048643		0.891667		0.873333
0.28_0.34_6.10e+00_7.32e-04_10.2__208			0.114891		0.715000		0.705000
0.28_0.34_6.10e+00_7.32e-04_2.0__43			0.131125		0.568333		0.556667
0.28_0.34_6.10e+00_7.32e-04_11.7__236			0.115638		0.588333		0.601667
0.28_0.34_6.10e+00_7.32e-04_1.5__30			0.126594		0.573333		0.605000
0.28_0.34_6.10e+00_7.32e-04_8.1__165			0.150846		0.575000		0.581667
0.28_0.34_6.10e+00_7.32e-04_18.3__364			0.053154		0.908333		0.911667
0.28_0.34_6.10e+00_7.32e-04_1.5__37			0.136245		0.581667		0.573333
0.28_0.34_6.10e+00_7.32e-04_6.1__129			0.135419		0.636667		0.663333
0.28_0.34_6.10e+00_7.32e-04_0.0__7			0.122093		0.673333		0.676667
0.28_0.34_6.10e+00_7.32e-04_8.1__160			0.130800		0.568333		0.610000
0.28_0.34_6.10e+00_7.32e-04_1.0__21			0.139242		0.535000		0.581667
0.28_0.34_6.10e+00_7.32e-04_2.5__52			0.130499		0.585000		0.566667
0.28_0.34_6.10e+00_7.32e-04_11.7__235			0.110591		0.763333		0.731667
0.28_0.34_6.10e+00_7.32e-04_8.1__162			0.130560		0.590000		0.563333
0.28_0.34_6.10e+00_7.32e-04_8.1__163			0.125308		0.575000		0.565000
0.28_0.34_6.10e+00_7.32e-04_9.7__193			0.124730		0.573333		0.563333
0.28_0.34_6.10e+00_7.32e-04_3.1__62			0.131772		0.588333		0.565000
0.28_0.34_6.10e+00_7.32e-04_12.7__252			0.085628		0.798333		0.781667
0.28_0.34_6.10e+00_7.32e-04_5.6__114			0.169275		0.581667		0.591667
0.28_0.34_6.10e+00_7.32e-04_4.1__86			0.135471		0.581667		0.601667
0.28_0.34_6.10e+00_7.32e-04_0.5__18			0.130968		0.715000		0.695000
0.28_0.34_6.10e+00_7.32e-04_5.1__108			0.141414		0.563333		0.533333
0.28_0.34_6.10e+00_7.32e-04_4.1__80			0.175334		0.506667		0.551667
0.28_0.34_6.10e+00_7.32e-04_6.6__135			0.151474		0.570000		0.578333
0.28_0.34_6.10e+00_7.32e-04_11.2__222			0.127143		0.621667		0.586667
0.28_0.34_6.10e+00_7.32e-04_0.0__1			0.122416		0.640000		0.665000
0.28_0.34_6.10e+00_7.32e-04_0.0__6			0.130340		0.558333		0.571667
0.28_0.34_6.10e+00_7.32e-04_6.1__127			0.136678		0.595000		0.596667
0.28_0.34_6.10e+00_7.32e-04_18.8__370			0.027287		0.945000		0.931667
0.28_0.34_6.10e+00_7.32e-04_27.5__545			0.031713		0.960000		0.948333
0.28_0.34_6.10e+00_7.32e-04_8.6__178			0.135545		0.723333		0.686667
0.28_0.34_6.10e+00_7.32e-04_5.6__115			0.152426		0.576667		0.590000
0.28_0.34_6.10e+00_7.32e-04_3.1__64			0.160427		0.570000		0.588333
0.28_0.34_6.10e+00_7.32e-04_2.0__41			0.137961		0.596667		0.616667
0.28_0.34_6.10e+00_7.32e-04_13.2__269			0.089188		0.778333		0.750000
0.28_0.34_6.10e+00_7.32e-04_3.1__63			0.145129		0.536667		0.520000
0.28_0.34_6.10e+00_7.32e-04_5.1__109			0.188188		0.326667		0.313333
0.28_0.34_6.10e+00_7.32e-04_7.1__141			0.136036		0.610000		0.616667
0.28_0.34_6.10e+00_7.32e-04_8.6__177			0.137360		0.595000		0.603333
0.28_0.34_6.10e+00_7.32e-04_6.6__137			0.137330		0.595000		0.600000
0.28_0.34_6.10e+00_7.32e-04_2.0__44			0.156123		0.566667		0.586667
0.28_0.34_6.10e+00_7.32e-04_12.2__246			0.093030		0.788333		0.776667
0.28_0.34_6.10e+00_7.32e-04_9.7__192			0.130513		0.586667		0.570000
0.28_0.34_6.10e+00_7.32e-04_1.5__31			0.138254		0.538333		0.593333
0.28_0.34_6.10e+00_7.32e-04_6.1__126			0.132990		0.590000		0.606667
0.28_0.34_6.10e+00_7.32e-04_6.1__121			0.136551		0.600000		0.608333
0.28_0.34_6.10e+00_7.32e-04_2.5__50			0.131601		0.565000		0.593333
0.28_0.34_6.10e+00_7.32e-04_1.0__24			0.145254		0.553333		0.586667
0.28_0.34_6.10e+00_7.32e-04_3.1__68			0.142273		0.685000		0.640000
0.28_0.34_6.10e+00_7.32e-04_1.5__35			0.186293		0.515000		0.548333
0.28_0.34_6.10e+00_7.32e-04_8.6__176			0.132809		0.575000		0.601667
0.28_0.34_6.10e+00_7.32e-04_0.5__11			0.135984		0.590000		0.625000
0.28_0.34_6.10e+00_7.32e-04_3.6__75			0.159392		0.515000		0.548333
0.28_0.34_6.10e+00_7.32e-04_3.6__77			0.140354		0.585000		0.576667
0.28_0.34_6.10e+00_7.32e-04_17.8__355			0.045118		0.946667		0.928333
0.28_0.34_6.10e+00_7.32e-04_1.5__32			0.132842		0.630000		0.603333
0.28_0.34_6.10e+00_7.32e-04_0.0__0			0.123148		0.576667		0.615000
0.28_0.34_6.10e+00_7.32e-04_1.5__33			0.133713		0.571667		0.561667
0.28_0.34_6.10e+00_7.32e-04_3.6__76			0.135132		0.573333		0.598333
0.28_0.34_6.10e+00_7.32e-04_5.6__116			0.133800		0.590000		0.605000
0.28_0.34_6.10e+00_7.32e-04_0.0__9			0.122804		0.681667		0.680000
0.28_0.34_6.10e+00_7.32e-04_5.6__113			0.136097		0.563333		0.553333
0.28_0.34_6.10e+00_7.32e-04_18.8__374			0.036403		0.943333		0.940000
0.28_0.34_6.10e+00_7.32e-04_4.6__98			0.185789		0.298333		0.328333
0.28_0.34_6.10e+00_7.32e-04_4.1__89			0.174759		0.495000		0.508333
0.28_0.34_6.10e+00_7.32e-04_1.5__38			0.134161		0.651667		0.640000
0.28_0.34_6.10e+00_7.32e-04_3.1__66			0.141415		0.580000		0.601667
0.28_0.34_6.10e+00_7.32e-04_0.5__15			0.160895		0.533333		0.561667
0.28_0.34_6.10e+00_7.32e-04_2.5__57			0.141113		0.581667		0.570000
0.28_0.34_6.10e+00_7.32e-04_4.6__95			0.174543		0.418333		0.436667
0.28_0.34_6.10e+00_7.32e-04_3.1__69			0.140456		0.641667		0.653333
0.28_0.34_6.10e+00_7.32e-04_4.6__96			0.135698		0.580000		0.603333
0.28_0.34_6.10e+00_7.32e-04_7.1__144			0.175457		0.553333		0.558333
0.28_0.34_6.10e+00_7.32e-04_6.1__124			0.169189		0.583333		0.593333
0.28_0.34_6.10e+00_7.32e-04_6.6__134			0.169118		0.583333		0.591667
0.28_0.34_6.10e+00_7.32e-04_9.2__185			0.149838		0.575000		0.586667
0.28_0.34_6.10e+00_7.32e-04_1.5__39			0.128187		0.631667		0.651667
0.28_0.34_6.10e+00_7.32e-04_9.2__183			0.125199		0.573333		0.563333
0.28_0.34_6.10e+00_7.32e-04_7.1__145			0.151295		0.570000		0.581667
0.28_0.34_6.10e+00_7.32e-04_0.0__2			0.120903		0.725000		0.681667
0.28_0.34_6.10e+00_7.32e-04_8.1__166			0.132355		0.578333		0.601667
0.28_0.34_6.10e+00_7.32e-04_7.1__149			0.135196		0.633333		0.656667
0.28_0.34_6.10e+00_7.32e-04_17.8__359			0.050785		0.918333		0.906667
0.28_0.34_6.10e+00_7.32e-04_1.0__23			0.120523		0.575000		0.565000
0.28_0.34_6.10e+00_7.32e-04_12.7__255			0.100651		0.806667		0.766667
0.28_0.34_6.10e+00_7.32e-04_1.0__22			0.134897		0.653333		0.618333
0.28_0.34_6.10e+00_7.32e-04_7.1__147			0.136803		0.595000		0.601667
0.28_0.34_6.10e+00_7.32e-04_0.0__3			0.112302		0.578333		0.568333
0.28_0.34_6.10e+00_7.32e-04_2.0__46			0.140492		0.556667		0.586667
0.28_0.34_6.10e+00_7.32e-04_0.5__19			0.135789		0.656667		0.676667
0.28_0.34_6.10e+00_7.32e-04_3.6__70			0.167483		0.550000		0.601667
0.28_0.34_6.10e+00_7.32e-04_2.0__42			0.129187		0.588333		0.568333
0.28_0.34_6.10e+00_7.32e-04_8.6__179			0.133546		0.600000		0.636667
0.28_0.34_6.10e+00_7.32e-04_4.1__82			0.155393		0.608333		0.560000
0.28_0.34_6.10e+00_7.32e-04_0.0__4			0.150940		0.568333		0.596667
0.28_0.34_6.10e+00_7.32e-04_3.1__61			0.149298		0.666667		0.638333
0.28_0.34_6.10e+00_7.32e-04_10.2__209			0.133610		0.615000		0.646667
0.28_0.34_6.10e+00_7.32e-04_7.6__155			0.151106		0.571667		0.580000
0.28_0.34_6.10e+00_7.32e-04_0.5__13			0.121869		0.576667		0.570000
0.28_0.34_6.10e+00_7.32e-04_3.6__73			0.153090		0.538333		0.518333
0.28_0.34_6.10e+00_7.32e-04_1.0__25			0.174325		0.506667		0.541667
0.28_0.34_6.10e+00_7.32e-04_0.0__8			0.119794		0.738333		0.695000
0.28_0.34_6.10e+00_7.32e-04_17.8__357			0.046907		0.941667		0.953333
0.28_0.34_6.10e+00_7.32e-04_5.1__102			0.132765		0.586667		0.563333
0.28_0.34_6.10e+00_7.32e-04_5.6__112			0.131880		0.586667		0.563333
0.28_0.34_6.10e+00_7.32e-04_6.6__136			0.133784		0.591667		0.610000
0.28_0.34_6.10e+00_7.32e-04_1.0__29			0.131002		0.630000		0.640000
0.28_0.34_6.10e+00_7.32e-04_0.5__16			0.135914		0.561667		0.590000
0.28_0.34_6.10e+00_7.32e-04_9.2__188			0.135509		0.720000		0.695000
0.28_0.34_6.10e+00_7.32e-04_5.1__103			0.176626		0.328333		0.328333
0.28_0.34_6.10e+00_7.32e-04_17.3__344			0.062360		0.855000		0.875000
0.28_0.34_6.10e+00_7.32e-04_2.5__59			0.134932		0.656667		0.688333
0.28_0.34_6.10e+00_7.32e-04_4.1__87			0.157126		0.605000		0.611667
0.28_0.34_6.10e+00_7.32e-04_1.0__28			0.134102		0.658333		0.646667
0.28_0.34_6.10e+00_7.32e-04_2.5__55			0.153992		0.533333		0.556667
0.28_0.34_6.10e+00_7.32e-04_4.6__90			0.183382		0.326667		0.356667
0.28_0.34_6.10e+00_7.32e-04_8.6__172			0.130615		0.591667		0.568333
0.28_0.34_6.10e+00_7.32e-04_0.5__10			0.123162		0.573333		0.613333
0.28_0.34_6.10e+00_7.32e-04_0.5__12			0.133308		0.633333		0.601667
0.28_0.34_6.10e+00_7.32e-04_2.5__54			0.159729		0.573333		0.590000
0.28_0.34_6.10e+00_7.32e-04_3.6__78			0.163425		0.528333		0.478333
0.28_0.34_6.10e+00_7.32e-04_4.1__83			0.174056		0.328333		0.328333
0.28_0.34_6.10e+00_7.32e-04_7.1__146			0.131998		0.578333		0.603333
0.28_0.34_6.10e+00_7.32e-04_16.8__333			0.051858		0.890000		0.878333
