id			last val		val acc		test acc
0.28_0.34_6.10e+00_7.32e-04_8.0__157			0.171438		0.388333		0.428333
0.28_0.34_6.10e+00_7.32e-04_3.0__51			0.129142		0.635000		0.655000
0.28_0.34_6.10e+00_7.32e-04_4.5__87			0.129958		0.563333		0.585000
0.28_0.34_6.10e+00_7.32e-04_7.5__143			0.163684		0.476667		0.460000
0.28_0.34_6.10e+00_7.32e-04_6.5__126			0.157637		0.515000		0.546667
0.28_0.34_6.10e+00_7.32e-04_5.5__106			0.147418		0.528333		0.555000
0.28_0.34_6.10e+00_7.32e-04_5.0__98			0.145195		0.596667		0.566667
0.28_0.34_6.10e+00_7.32e-04_11.5__227			0.176144		0.366667		0.411667
0.28_0.34_6.10e+00_7.32e-04_11.0__217			0.178807		0.320000		0.356667
0.28_0.34_6.10e+00_7.32e-04_6.0__115			0.159430		0.545000		0.591667
0.28_0.34_6.10e+00_7.32e-04_1.0__19			0.129760		0.585000		0.598333
0.28_0.34_6.10e+00_7.32e-04_3.0__59			0.135089		0.600000		0.613333
0.28_0.34_6.10e+00_7.32e-04_4.5__84			0.156791		0.581667		0.595000
0.28_0.34_6.10e+00_7.32e-04_6.5__123			0.164182		0.476667		0.456667
0.28_0.34_6.10e+00_7.32e-04_3.0__58			0.127422		0.693333		0.655000
0.28_0.34_6.10e+00_7.32e-04_8.0__156			0.169599		0.485000		0.516667
0.28_0.34_6.10e+00_7.32e-04_8.0__158			0.175996		0.298333		0.328333
0.28_0.34_6.10e+00_7.32e-04_8.5__161			0.167325		0.510000		0.520000
0.28_0.34_6.10e+00_7.32e-04_8.5__162			0.178178		0.348333		0.333333
0.28_0.34_6.10e+00_7.32e-04_5.5__101			0.147437		0.590000		0.613333
0.28_0.34_6.10e+00_7.32e-04_9.0__176			0.171393		0.481667		0.516667
0.28_0.34_6.10e+00_7.32e-04_4.0__71			0.124727		0.670000		0.676667
0.28_0.34_6.10e+00_7.32e-04_10.5__208			0.182614		0.298333		0.328333
0.28_0.34_6.10e+00_7.32e-04_1.0__11			0.145336		0.541667		0.585000
0.28_0.34_6.10e+00_7.32e-04_15.5__306			0.180101		0.346667		0.355000
0.28_0.34_6.10e+00_7.32e-04_6.0__119			0.149124		0.593333		0.613333
0.28_0.34_6.10e+00_7.32e-04_8.5__168			0.181096		0.298333		0.328333
0.28_0.34_6.10e+00_7.32e-04_2.5__49			0.133738		0.611667		0.621667
0.28_0.34_6.10e+00_7.32e-04_1.5__28			0.130901		0.636667		0.618333
0.28_0.34_6.10e+00_7.32e-04_7.0__135			0.168840		0.443333		0.460000
0.28_0.34_6.10e+00_7.32e-04_4.5__83			0.129575		0.578333		0.568333
0.28_0.34_6.10e+00_7.32e-04_13.0__257			0.179284		0.320000		0.356667
0.28_0.34_6.10e+00_7.32e-04_2.0__34			0.156159		0.553333		0.588333
0.28_0.34_6.10e+00_7.32e-04_10.5__207			0.178223		0.320000		0.356667
0.28_0.34_6.10e+00_7.32e-04_5.0__91			0.146331		0.556667		0.580000
0.28_0.34_6.10e+00_7.32e-04_14.5__286			0.180118		0.346667		0.355000
0.28_0.34_6.10e+00_7.32e-04_4.0__75			0.144840		0.641667		0.698333
0.28_0.34_6.10e+00_7.32e-04_2.0__35			0.160708		0.563333		0.620000
0.28_0.34_6.10e+00_7.32e-04_5.0__92			0.150091		0.540000		0.526667
0.28_0.34_6.10e+00_7.32e-04_5.5__103			0.146903		0.531667		0.528333
0.28_0.34_6.10e+00_7.32e-04_5.0__99			0.143727		0.605000		0.616667
0.28_0.34_6.10e+00_7.32e-04_2.5__41			0.132890		0.641667		0.653333
0.28_0.34_6.10e+00_7.32e-04_9.5__183			0.174460		0.368333		0.368333
0.28_0.34_6.10e+00_7.32e-04_3.5__61			0.126952		0.655000		0.671667
0.28_0.34_6.10e+00_7.32e-04_3.5__65			0.147123		0.635000		0.675000
0.28_0.34_6.10e+00_7.32e-04_12.0__238			0.184027		0.298333		0.328333
0.28_0.34_6.10e+00_7.32e-04_1.5__23			0.119566		0.575000		0.566667
0.28_0.34_6.10e+00_7.32e-04_11.5__229			0.179891		0.453333		0.460000
0.28_0.34_6.10e+00_7.32e-04_8.5__160			0.166921		0.538333		0.571667
0.28_0.34_6.10e+00_7.32e-04_10.0__191			0.171852		0.653333		0.648333
0.28_0.34_6.10e+00_7.32e-04_5.0__96			0.139140		0.543333		0.561667
0.28_0.34_6.10e+00_7.32e-04_9.0__178			0.180231		0.298333		0.328333
0.28_0.34_6.10e+00_7.32e-04_7.5__140			0.164047		0.556667		0.588333
0.28_0.34_6.10e+00_7.32e-04_0.5__0			0.130946		0.565000		0.593333
0.28_0.34_6.10e+00_7.32e-04_9.5__184			0.223729		0.345000		0.331667
0.28_0.34_6.10e+00_7.32e-04_11.5__228			0.188252		0.298333		0.328333
0.28_0.34_6.10e+00_7.32e-04_9.0__175			0.178958		0.326667		0.350000
0.28_0.34_6.10e+00_7.32e-04_14.5__281			0.173535		0.585000		0.580000
0.28_0.34_6.10e+00_7.32e-04_5.5__102			0.159498		0.530000		0.508333
0.28_0.34_6.10e+00_7.32e-04_12.5__241			0.172250		0.660000		0.656667
0.28_0.34_6.10e+00_7.32e-04_9.0__171			0.170323		0.526667		0.498333
0.28_0.34_6.10e+00_7.32e-04_4.0__70			0.118832		0.595000		0.626667
0.28_0.34_6.10e+00_7.32e-04_5.0__97			0.140068		0.500000		0.520000
0.28_0.34_6.10e+00_7.32e-04_1.5__26			0.153859		0.538333		0.558333
0.28_0.34_6.10e+00_7.32e-04_10.0__197			0.178236		0.320000		0.356667
0.28_0.34_6.10e+00_7.32e-04_11.5__221			0.173761		0.611667		0.610000
0.28_0.34_6.10e+00_7.32e-04_6.5__120			0.160308		0.568333		0.600000
0.28_0.34_6.10e+00_7.32e-04_11.0__219			0.178720		0.436667		0.448333
0.28_0.34_6.10e+00_7.32e-04_12.5__249			0.177516		0.448333		0.453333
0.28_0.34_6.10e+00_7.32e-04_12.0__236			0.178347		0.410000		0.433333
0.28_0.34_6.10e+00_7.32e-04_1.5__22			0.130061		0.605000		0.593333
0.28_0.34_6.10e+00_7.32e-04_4.0__78			0.128187		0.698333		0.653333
0.28_0.34_6.10e+00_7.32e-04_2.5__47			0.128750		0.591667		0.590000
0.28_0.34_6.10e+00_7.32e-04_0.5__9			0.130400		0.575000		0.620000
0.28_0.34_6.10e+00_7.32e-04_9.0__170			0.173484		0.505000		0.540000
0.28_0.34_6.10e+00_7.32e-04_3.0__57			0.127083		0.605000		0.595000
0.28_0.34_6.10e+00_7.32e-04_0.5__8			0.137738		0.648333		0.620000
0.28_0.34_6.10e+00_7.32e-04_4.0__74			0.153462		0.580000		0.591667
0.28_0.34_6.10e+00_7.32e-04_9.5__187			0.176909		0.396667		0.418333
0.28_0.34_6.10e+00_7.32e-04_13.5__260			0.176221		0.463333		0.506667
0.28_0.34_6.10e+00_7.32e-04_4.5__88			0.128040		0.706667		0.658333
0.28_0.34_6.10e+00_7.32e-04_3.5__69			0.133647		0.620000		0.630000
0.28_0.34_6.10e+00_7.32e-04_10.5__204			0.223538		0.345000		0.331667
0.28_0.34_6.10e+00_7.32e-04_7.5__142			0.173533		0.465000		0.438333
0.28_0.34_6.10e+00_7.32e-04_3.0__53			0.118587		0.583333		0.571667
0.28_0.34_6.10e+00_7.32e-04_9.5__189			0.175149		0.473333		0.480000
0.28_0.34_6.10e+00_7.32e-04_8.5__167			0.171322		0.423333		0.460000
0.28_0.34_6.10e+00_7.32e-04_2.0__37			0.130960		0.563333		0.571667
0.28_0.34_6.10e+00_7.32e-04_4.0__76			0.128279		0.561667		0.570000
0.28_0.34_6.10e+00_7.32e-04_7.0__130			0.163781		0.558333		0.591667
0.28_0.34_6.10e+00_7.32e-04_11.0__212			0.178132		0.340000		0.330000
0.28_0.34_6.10e+00_7.32e-04_6.5__127			0.167542		0.426667		0.421667
0.28_0.34_6.10e+00_7.32e-04_7.5__147			0.170635		0.416667		0.418333
0.28_0.34_6.10e+00_7.32e-04_12.5__244			0.224747		0.345000		0.331667
0.28_0.34_6.10e+00_7.32e-04_9.5__182			0.179930		0.340000		0.330000
0.28_0.34_6.10e+00_7.32e-04_6.0__113			0.156008		0.513333		0.496667
0.28_0.34_6.10e+00_7.32e-04_13.5__261			0.174033		0.625000		0.633333
0.28_0.34_6.10e+00_7.32e-04_12.0__232			0.181481		0.340000		0.330000
0.28_0.34_6.10e+00_7.32e-04_3.0__50			0.119698		0.590000		0.625000
0.28_0.34_6.10e+00_7.32e-04_13.5__262			0.181847		0.340000		0.330000
0.28_0.34_6.10e+00_7.32e-04_2.0__33			0.117788		0.581667		0.573333
0.28_0.34_6.10e+00_7.32e-04_2.0__30			0.123959		0.575000		0.610000
0.28_0.34_6.10e+00_7.32e-04_17.5__342			0.181327		0.340000		0.330000
0.28_0.34_6.10e+00_7.32e-04_10.5__203			0.175256		0.368333		0.365000
0.28_0.34_6.10e+00_7.32e-04_5.5__100			0.136476		0.595000		0.635000
0.28_0.34_6.10e+00_7.32e-04_7.5__141			0.163044		0.578333		0.568333
0.28_0.34_6.10e+00_7.32e-04_13.0__258			0.187775		0.298333		0.328333
0.28_0.34_6.10e+00_7.32e-04_9.0__173			0.171909		0.390000		0.376667
0.28_0.34_6.10e+00_7.32e-04_5.5__107			0.146938		0.491667		0.501667
0.28_0.34_6.10e+00_7.32e-04_2.0__39			0.133949		0.615000		0.630000
0.28_0.34_6.10e+00_7.32e-04_2.5__45			0.156225		0.611667		0.653333
0.28_0.34_6.10e+00_7.32e-04_6.0__112			0.160956		0.518333		0.505000
0.28_0.34_6.10e+00_7.32e-04_15.5__302			0.181631		0.340000		0.330000
0.28_0.34_6.10e+00_7.32e-04_4.0__79			0.131875		0.653333		0.651667
0.28_0.34_6.10e+00_7.32e-04_8.0__152			0.177632		0.371667		0.346667
0.28_0.34_6.10e+00_7.32e-04_0.5__6			0.156472		0.550000		0.565000
0.28_0.34_6.10e+00_7.32e-04_3.0__55			0.149781		0.646667		0.696667
0.28_0.34_6.10e+00_7.32e-04_10.0__190			0.176191		0.466667		0.506667
0.28_0.34_6.10e+00_7.32e-04_7.0__131			0.162080		0.558333		0.563333
0.28_0.34_6.10e+00_7.32e-04_4.5__89			0.137272		0.628333		0.626667
0.28_0.34_6.10e+00_7.32e-04_5.5__108			0.150615		0.585000		0.566667
0.28_0.34_6.10e+00_7.32e-04_2.5__42			0.130474		0.585000		0.571667
0.28_0.34_6.10e+00_7.32e-04_2.0__38			0.128901		0.680000		0.665000
0.28_0.34_6.10e+00_7.32e-04_1.0__10			0.129315		0.571667		0.596667
0.28_0.34_6.10e+00_7.32e-04_10.5__206			0.178861		0.385000		0.403333
0.28_0.34_6.10e+00_7.32e-04_11.0__214			0.223424		0.345000		0.331667
0.28_0.34_6.10e+00_7.32e-04_9.5__186			0.172940		0.475000		0.501667
0.28_0.34_6.10e+00_7.32e-04_14.0__277			0.179448		0.320000		0.356667
0.28_0.34_6.10e+00_7.32e-04_7.0__136			0.164910		0.501667		0.523333
0.28_0.34_6.10e+00_7.32e-04_12.5__247			0.177996		0.320000		0.356667
0.28_0.34_6.10e+00_7.32e-04_9.5__185			0.175464		0.341667		0.358333
0.28_0.34_6.10e+00_7.32e-04_12.0__231			0.175291		0.473333		0.461667
0.28_0.34_6.10e+00_7.32e-04_11.0__211			0.171643		0.605000		0.573333
0.28_0.34_6.10e+00_7.32e-04_10.0__196			0.175046		0.465000		0.483333
0.28_0.34_6.10e+00_7.32e-04_10.0__193			0.176541		0.336667		0.335000
0.28_0.34_6.10e+00_7.32e-04_3.0__54			0.147666		0.558333		0.595000
0.28_0.34_6.10e+00_7.32e-04_18.5__367			0.178431		0.320000		0.356667
0.28_0.34_6.10e+00_7.32e-04_4.5__82			0.145175		0.546667		0.531667
0.28_0.34_6.10e+00_7.32e-04_3.0__56			0.128407		0.563333		0.583333
0.28_0.34_6.10e+00_7.32e-04_8.0__151			0.165183		0.616667		0.618333
0.28_0.34_6.10e+00_7.32e-04_8.0__150			0.170032		0.531667		0.558333
0.28_0.34_6.10e+00_7.32e-04_19.5__387			0.179149		0.320000		0.356667
0.28_0.34_6.10e+00_7.32e-04_10.5__205			0.180750		0.326667		0.350000
0.28_0.34_6.10e+00_7.32e-04_1.0__13			0.120407		0.593333		0.578333
0.28_0.34_6.10e+00_7.32e-04_5.0__90			0.129689		0.598333		0.636667
0.28_0.34_6.10e+00_7.32e-04_4.0__77			0.124815		0.621667		0.631667
0.28_0.34_6.10e+00_7.32e-04_11.5__226			0.179324		0.368333		0.381667
0.28_0.34_6.10e+00_7.32e-04_10.0__198			0.182967		0.298333		0.328333
0.28_0.34_6.10e+00_7.32e-04_0.5__2			0.129792		0.558333		0.566667
0.28_0.34_6.10e+00_7.32e-04_14.5__280			0.176371		0.445000		0.485000
0.28_0.34_6.10e+00_7.32e-04_10.0__199			0.178550		0.453333		0.461667
0.28_0.34_6.10e+00_7.32e-04_9.0__172			0.178545		0.340000		0.330000
0.28_0.34_6.10e+00_7.32e-04_11.0__215			0.179165		0.326667		0.350000
0.28_0.34_6.10e+00_7.32e-04_2.5__44			0.150835		0.560000		0.595000
0.28_0.34_6.10e+00_7.32e-04_6.5__124			0.198394		0.405000		0.398333
0.28_0.34_6.10e+00_7.32e-04_7.0__133			0.165066		0.458333		0.450000
0.28_0.34_6.10e+00_7.32e-04_20.0__397			0.179847		0.320000		0.356667
0.28_0.34_6.10e+00_7.32e-04_6.5__129			0.159588		0.493333		0.498333
0.28_0.34_6.10e+00_7.32e-04_13.0__251			0.172019		0.541667		0.530000
0.28_0.34_6.10e+00_7.32e-04_1.0__12			0.132310		0.623333		0.598333
0.28_0.34_6.10e+00_7.32e-04_17.5__346			0.177983		0.390000		0.408333
0.28_0.34_6.10e+00_7.32e-04_8.5__165			0.176720		0.355000		0.380000
0.28_0.34_6.10e+00_7.32e-04_0.5__1			0.141470		0.571667		0.615000
0.28_0.34_6.10e+00_7.32e-04_14.0__275			0.183886		0.326667		0.350000
0.28_0.34_6.10e+00_7.32e-04_4.5__86			0.127008		0.573333		0.586667
0.28_0.34_6.10e+00_7.32e-04_13.0__256			0.180389		0.346667		0.355000
0.28_0.34_6.10e+00_7.32e-04_1.0__14			0.146680		0.550000		0.580000
0.28_0.34_6.10e+00_7.32e-04_20.5__404			0.226465		0.345000		0.331667
0.28_0.34_6.10e+00_7.32e-04_19.5__385			0.184537		0.326667		0.350000
0.28_0.34_6.10e+00_7.32e-04_18.5__361			0.178157		0.385000		0.335000
0.28_0.34_6.10e+00_7.32e-04_12.0__233			0.172137		0.405000		0.393333
0.28_0.34_6.10e+00_7.32e-04_9.5__181			0.167691		0.480000		0.506667
0.28_0.34_6.10e+00_7.32e-04_14.0__271			0.175145		0.426667		0.416667
0.28_0.34_6.10e+00_7.32e-04_4.5__81			0.134056		0.600000		0.606667
0.28_0.34_6.10e+00_7.32e-04_16.5__327			0.178633		0.320000		0.356667
0.28_0.34_6.10e+00_7.32e-04_12.0__237			0.178723		0.320000		0.356667
0.28_0.34_6.10e+00_7.32e-04_15.5__307			0.178389		0.320000		0.356667
0.28_0.34_6.10e+00_7.32e-04_2.0__31			0.137626		0.590000		0.623333
0.28_0.34_6.10e+00_7.32e-04_19.0__374			0.228781		0.345000		0.331667
0.28_0.34_6.10e+00_7.32e-04_7.5__149			0.168086		0.491667		0.490000
0.28_0.34_6.10e+00_7.32e-04_6.0__118			0.159717		0.510000		0.498333
0.28_0.34_6.10e+00_7.32e-04_7.0__132			0.169940		0.471667		0.466667
0.28_0.34_6.10e+00_7.32e-04_15.5__300			0.179339		0.336667		0.345000
0.28_0.34_6.10e+00_7.32e-04_17.0__337			0.179007		0.320000		0.356667
0.28_0.34_6.10e+00_7.32e-04_3.5__64			0.151413		0.566667		0.593333
0.28_0.34_6.10e+00_7.32e-04_16.5__326			0.180700		0.346667		0.355000
0.28_0.34_6.10e+00_7.32e-04_19.5__389			0.187538		0.326667		0.363333
0.28_0.34_6.10e+00_7.32e-04_13.0__250			0.167947		0.510000		0.548333
0.28_0.34_6.10e+00_7.32e-04_13.0__252			0.181599		0.340000		0.330000
0.28_0.34_6.10e+00_7.32e-04_14.0__274			0.218754		0.345000		0.333333
0.28_0.34_6.10e+00_7.32e-04_19.5__380			0.181352		0.326667		0.331667
0.28_0.34_6.10e+00_7.32e-04_0.5__4			0.147488		0.563333		0.590000
0.28_0.34_6.10e+00_7.32e-04_0.5__7			0.136422		0.600000		0.583333
0.28_0.34_6.10e+00_7.32e-04_12.5__242			0.181511		0.340000		0.330000
0.28_0.34_6.10e+00_7.32e-04_1.5__27			0.131933		0.556667		0.546667
0.28_0.34_6.10e+00_7.32e-04_12.5__243			0.177430		0.328333		0.328333
0.28_0.34_6.10e+00_7.32e-04_18.5__364			0.229400		0.345000		0.331667
0.28_0.34_6.10e+00_7.32e-04_16.5__322			0.181649		0.340000		0.330000
0.28_0.34_6.10e+00_7.32e-04_7.0__138			0.171523		0.373333		0.386667
0.28_0.34_6.10e+00_7.32e-04_6.0__117			0.154253		0.471667		0.455000
0.28_0.34_6.10e+00_7.32e-04_16.0__311			0.178291		0.351667		0.315000
0.28_0.34_6.10e+00_7.32e-04_5.5__104			0.187644		0.485000		0.473333
0.28_0.34_6.10e+00_7.32e-04_6.0__111			0.154120		0.598333		0.603333
0.28_0.34_6.10e+00_7.32e-04_2.5__40			0.121646		0.575000		0.613333
0.28_0.34_6.10e+00_7.32e-04_25.0__495			0.185418		0.326667		0.350000
0.28_0.34_6.10e+00_7.32e-04_4.0__73			0.120530		0.578333		0.568333
0.28_0.34_6.10e+00_7.32e-04_9.0__177			0.172245		0.433333		0.483333
0.28_0.34_6.10e+00_7.32e-04_12.5__248			0.188037		0.298333		0.328333
0.28_0.34_6.10e+00_7.32e-04_17.5__344			0.229471		0.345000		0.331667
0.28_0.34_6.10e+00_7.32e-04_25.0__494			0.227356		0.345000		0.331667
0.28_0.34_6.10e+00_7.32e-04_11.0__213			0.174816		0.363333		0.363333
0.28_0.34_6.10e+00_7.32e-04_16.5__329			0.186558		0.326667		0.363333
0.28_0.34_6.10e+00_7.32e-04_20.0__399			0.188126		0.326667		0.363333
0.28_0.34_6.10e+00_7.32e-04_15.0__292			0.181234		0.340000		0.330000
0.28_0.34_6.10e+00_7.32e-04_7.5__144			0.195255		0.438333		0.420000
0.28_0.34_6.10e+00_7.32e-04_2.5__46			0.137460		0.548333		0.566667
0.28_0.34_6.10e+00_7.32e-04_7.0__137			0.171484		0.423333		0.470000
0.28_0.34_6.10e+00_7.32e-04_16.0__314			0.228855		0.345000		0.331667
0.28_0.34_6.10e+00_7.32e-04_17.5__341			0.177393		0.488333		0.488333
0.28_0.34_6.10e+00_7.32e-04_13.5__269			0.184420		0.326667		0.363333
0.28_0.34_6.10e+00_7.32e-04_23.5__469			0.188291		0.326667		0.363333
0.28_0.34_6.10e+00_7.32e-04_7.5__146			0.163903		0.516667		0.543333
0.28_0.34_6.10e+00_7.32e-04_18.5__365			0.184461		0.326667		0.350000
0.28_0.34_6.10e+00_7.32e-04_16.0__317			0.179193		0.320000		0.356667
0.28_0.34_6.10e+00_7.32e-04_1.0__18			0.134641		0.585000		0.571667
0.28_0.34_6.10e+00_7.32e-04_12.0__234			0.223298		0.345000		0.331667
0.28_0.34_6.10e+00_7.32e-04_4.5__85			0.147385		0.611667		0.665000
0.28_0.34_6.10e+00_7.32e-04_18.0__352			0.181594		0.340000		0.330000
0.28_0.34_6.10e+00_7.32e-04_1.0__16			0.171059		0.531667		0.553333
0.28_0.34_6.10e+00_7.32e-04_20.0__391			0.179002		0.356667		0.326667
0.28_0.34_6.10e+00_7.32e-04_2.0__36			0.141253		0.545000		0.563333
0.28_0.34_6.10e+00_7.32e-04_10.5__201			0.171794		0.580000		0.565000
0.28_0.34_6.10e+00_7.32e-04_18.5__369			0.187517		0.326667		0.363333
0.28_0.34_6.10e+00_7.32e-04_18.0__354			0.229079		0.345000		0.331667
0.28_0.34_6.10e+00_7.32e-04_0.5__5			0.164788		0.510000		0.541667
0.28_0.34_6.10e+00_7.32e-04_8.0__159			0.170052		0.491667		0.488333
0.28_0.34_6.10e+00_7.32e-04_16.0__319			0.186366		0.326667		0.363333
0.28_0.34_6.10e+00_7.32e-04_17.5__349			0.187049		0.326667		0.363333
0.28_0.34_6.10e+00_7.32e-04_17.0__331			0.177927		0.373333		0.340000
0.28_0.34_6.10e+00_7.32e-04_9.5__180			0.170449		0.515000		0.543333
0.28_0.34_6.10e+00_7.32e-04_11.5__225			0.179477		0.326667		0.350000
0.28_0.34_6.10e+00_7.32e-04_22.0__437			0.179712		0.320000		0.356667
0.28_0.34_6.10e+00_7.32e-04_11.5__222			0.181484		0.340000		0.330000
0.28_0.34_6.10e+00_7.32e-04_13.0__254			0.227414		0.345000		0.331667
0.28_0.34_6.10e+00_7.32e-04_14.0__272			0.180925		0.340000		0.330000
0.28_0.34_6.10e+00_7.32e-04_10.5__200			0.168255		0.528333		0.563333
0.28_0.34_6.10e+00_7.32e-04_23.0__457			0.179444		0.320000		0.356667
0.28_0.34_6.10e+00_7.32e-04_19.5__384			0.228858		0.345000		0.331667
0.28_0.34_6.10e+00_7.32e-04_3.0__52			0.131850		0.591667		0.571667
0.28_0.34_6.10e+00_7.32e-04_10.0__194			0.218442		0.345000		0.331667
0.28_0.34_6.10e+00_7.32e-04_12.0__235			0.182376		0.326667		0.350000
0.28_0.34_6.10e+00_7.32e-04_18.0__357			0.179274		0.320000		0.356667
0.28_0.34_6.10e+00_7.32e-04_18.5__366			0.180385		0.346667		0.355000
0.28_0.34_6.10e+00_7.32e-04_14.5__287			0.179466		0.320000		0.356667
0.28_0.34_6.10e+00_7.32e-04_1.5__21			0.142619		0.531667		0.585000
0.28_0.34_6.10e+00_7.32e-04_15.5__304			0.228300		0.345000		0.331667
0.28_0.34_6.10e+00_7.32e-04_23.0__452			0.182491		0.340000		0.330000
0.28_0.34_6.10e+00_7.32e-04_8.0__154			0.207526		0.356667		0.341667
0.28_0.34_6.10e+00_7.32e-04_1.5__24			0.150733		0.551667		0.588333
0.28_0.34_6.10e+00_7.32e-04_1.5__29			0.134140		0.601667		0.633333
0.28_0.34_6.10e+00_7.32e-04_23.5__462			0.181973		0.340000		0.331667
0.28_0.34_6.10e+00_7.32e-04_20.0__395			0.184822		0.326667		0.350000
0.28_0.34_6.10e+00_7.32e-04_3.5__67			0.124920		0.660000		0.665000
0.28_0.34_6.10e+00_7.32e-04_4.0__72			0.139161		0.573333		0.555000
0.28_0.34_6.10e+00_7.32e-04_12.0__230			0.178896		0.361667		0.371667
0.28_0.34_6.10e+00_7.32e-04_5.0__95			0.151777		0.610000		0.665000
0.28_0.34_6.10e+00_7.32e-04_11.5__220			0.172297		0.496667		0.533333
0.28_0.34_6.10e+00_7.32e-04_22.5__442			0.181871		0.340000		0.330000
0.28_0.34_6.10e+00_7.32e-04_14.0__270			0.172115		0.495000		0.531667
0.28_0.34_6.10e+00_7.32e-04_14.5__285			0.183656		0.326667		0.350000
0.28_0.34_6.10e+00_7.32e-04_8.0__155			0.174820		0.348333		0.373333
0.28_0.34_6.10e+00_7.32e-04_9.5__188			0.182851		0.298333		0.328333
0.28_0.34_6.10e+00_7.32e-04_1.5__25			0.167545		0.495000		0.531667
0.28_0.34_6.10e+00_7.32e-04_24.5__487			0.179867		0.320000		0.356667
0.28_0.34_6.10e+00_7.32e-04_15.0__299			0.184711		0.326667		0.363333
0.28_0.34_6.10e+00_7.32e-04_5.0__93			0.138519		0.561667		0.541667
0.28_0.34_6.10e+00_7.32e-04_15.5__309			0.185382		0.326667		0.363333
0.28_0.34_6.10e+00_7.32e-04_19.0__376			0.179705		0.351667		0.366667
0.28_0.34_6.10e+00_7.32e-04_6.0__110			0.140483		0.580000		0.621667
0.28_0.34_6.10e+00_7.32e-04_6.0__116			0.154983		0.528333		0.550000
0.28_0.34_6.10e+00_7.32e-04_22.0__430			0.180988		0.331667		0.336667
0.28_0.34_6.10e+00_7.32e-04_17.5__340			0.175443		0.426667		0.441667
0.28_0.34_6.10e+00_7.32e-04_7.0__139			0.153348		0.596667		0.595000
0.28_0.34_6.10e+00_7.32e-04_1.0__17			0.134843		0.580000		0.576667
0.28_0.34_6.10e+00_7.32e-04_17.0__330			0.181854		0.326667		0.331667
0.28_0.34_6.10e+00_7.32e-04_15.0__294			0.227488		0.345000		0.331667
0.28_0.34_6.10e+00_7.32e-04_20.0__390			0.181587		0.326667		0.331667
0.28_0.34_6.10e+00_7.32e-04_20.5__407			0.179136		0.320000		0.356667
0.28_0.34_6.10e+00_7.32e-04_19.0__371			0.178578		0.351667		0.315000
0.28_0.34_6.10e+00_7.32e-04_12.5__245			0.183761		0.326667		0.350000
0.28_0.34_6.10e+00_7.32e-04_13.5__264			0.228523		0.345000		0.331667
0.28_0.34_6.10e+00_7.32e-04_21.5__429			0.187982		0.326667		0.363333
0.28_0.34_6.10e+00_7.32e-04_16.0__312			0.181619		0.340000		0.330000
0.28_0.34_6.10e+00_7.32e-04_22.5__449			0.189080		0.326667		0.363333
0.28_0.34_6.10e+00_7.32e-04_2.5__43			0.117629		0.593333		0.576667
0.28_0.34_6.10e+00_7.32e-04_19.5__386			0.180282		0.346667		0.355000
0.28_0.34_6.10e+00_7.32e-04_22.5__444			0.227092		0.345000		0.331667
0.28_0.34_6.10e+00_7.32e-04_18.0__356			0.180464		0.346667		0.355000
0.28_0.34_6.10e+00_7.32e-04_16.0__310			0.176953		0.418333		0.453333
0.28_0.34_6.10e+00_7.32e-04_4.5__80			0.124702		0.598333		0.636667
0.28_0.34_6.10e+00_7.32e-04_1.0__15			0.181782		0.486667		0.521667
0.28_0.34_6.10e+00_7.32e-04_21.5__422			0.181927		0.340000		0.330000
0.28_0.34_6.10e+00_7.32e-04_5.0__94			0.174665		0.533333		0.535000
0.28_0.34_6.10e+00_7.32e-04_11.0__218			0.181857		0.298333		0.328333
0.28_0.34_6.10e+00_7.32e-04_15.0__290			0.175853		0.468333		0.506667
0.28_0.34_6.10e+00_7.32e-04_8.5__163			0.169833		0.420000		0.400000
0.28_0.34_6.10e+00_7.32e-04_19.0__370			0.178948		0.408333		0.430000
0.28_0.34_6.10e+00_7.32e-04_18.0__355			0.183533		0.326667		0.350000
0.28_0.34_6.10e+00_7.32e-04_18.0__359			0.187133		0.326667		0.363333
0.28_0.34_6.10e+00_7.32e-04_15.5__305			0.184047		0.326667		0.350000
0.28_0.34_6.10e+00_7.32e-04_20.5__401			0.178726		0.356667		0.325000
0.28_0.34_6.10e+00_7.32e-04_19.5__381			0.178887		0.351667		0.315000
0.28_0.34_6.10e+00_7.32e-04_17.0__334			0.229925		0.345000		0.331667
0.28_0.34_6.10e+00_7.32e-04_24.5__485			0.185317		0.326667		0.350000
0.28_0.34_6.10e+00_7.32e-04_23.0__456			0.179289		0.346667		0.355000
0.28_0.34_6.10e+00_7.32e-04_23.0__458			0.194818		0.298333		0.328333
0.28_0.34_6.10e+00_7.32e-04_10.0__192			0.178849		0.340000		0.330000
0.28_0.34_6.10e+00_7.32e-04_8.5__169			0.172467		0.460000		0.480000
0.28_0.34_6.10e+00_7.32e-04_15.0__297			0.178803		0.320000		0.356667
0.28_0.34_6.10e+00_7.32e-04_22.0__434			0.227896		0.345000		0.331667
0.28_0.34_6.10e+00_7.32e-04_11.5__224			0.221310		0.345000		0.331667
0.28_0.34_6.10e+00_7.32e-04_0.5__3			0.124256		0.596667		0.585000
0.28_0.34_6.10e+00_7.32e-04_18.5__363			0.179854		0.328333		0.328333
0.28_0.34_6.10e+00_7.32e-04_16.5__328			0.190970		0.298333		0.328333
0.28_0.34_6.10e+00_7.32e-04_20.0__396			0.180486		0.346667		0.355000
0.28_0.34_6.10e+00_7.32e-04_19.0__379			0.187041		0.326667		0.363333
0.28_0.34_6.10e+00_7.32e-04_25.0__490			0.183169		0.326667		0.331667
0.28_0.34_6.10e+00_7.32e-04_17.5__345			0.184370		0.326667		0.350000
0.28_0.34_6.10e+00_7.32e-04_1.5__20			0.125309		0.566667		0.603333
0.28_0.34_6.10e+00_7.32e-04_11.0__216			0.179640		0.355000		0.370000
0.28_0.34_6.10e+00_7.32e-04_21.5__424			0.227434		0.345000		0.331667
0.28_0.34_6.10e+00_7.32e-04_14.0__278			0.188034		0.298333		0.328333
0.28_0.34_6.10e+00_7.32e-04_19.5__382			0.182278		0.340000		0.330000
0.28_0.34_6.10e+00_7.32e-04_14.5__282			0.181881		0.340000		0.330000
0.28_0.34_6.10e+00_7.32e-04_16.5__321			0.179248		0.351667		0.315000
0.28_0.34_6.10e+00_7.32e-04_8.5__166			0.170252		0.495000		0.518333
0.28_0.34_6.10e+00_7.32e-04_17.5__348			0.193103		0.298333		0.328333
0.28_0.34_6.10e+00_7.32e-04_24.0__472			0.182107		0.340000		0.330000
0.28_0.34_6.10e+00_7.32e-04_20.5__406			0.179661		0.346667		0.355000
0.28_0.34_6.10e+00_7.32e-04_14.5__288			0.187398		0.298333		0.328333
0.28_0.34_6.10e+00_7.32e-04_14.0__276			0.180458		0.346667		0.355000
0.28_0.34_6.10e+00_7.32e-04_15.0__296			0.180432		0.346667		0.355000
0.28_0.34_6.10e+00_7.32e-04_16.0__318			0.188154		0.298333		0.328333
0.28_0.34_6.10e+00_7.32e-04_21.5__420			0.181599		0.326667		0.331667
0.28_0.34_6.10e+00_7.32e-04_2.0__32			0.127539		0.598333		0.580000
0.28_0.34_6.10e+00_7.32e-04_20.5__405			0.184862		0.326667		0.350000
0.28_0.34_6.10e+00_7.32e-04_15.0__293			0.178829		0.328333		0.328333
0.28_0.34_6.10e+00_7.32e-04_22.5__446			0.179723		0.346667		0.355000
0.28_0.34_6.10e+00_7.32e-04_22.0__439			0.187974		0.326667		0.363333
0.28_0.34_6.10e+00_7.32e-04_23.0__459			0.189104		0.326667		0.363333
0.28_0.34_6.10e+00_7.32e-04_8.0__153			0.168595		0.433333		0.411667
0.28_0.34_6.10e+00_7.32e-04_14.0__273			0.179177		0.328333		0.328333
0.28_0.34_6.10e+00_7.32e-04_7.0__134			0.194586		0.446667		0.430000
0.28_0.34_6.10e+00_7.32e-04_21.5__421			0.179348		0.351667		0.315000
0.28_0.34_6.10e+00_7.32e-04_21.5__425			0.184979		0.326667		0.350000
0.28_0.34_6.10e+00_7.32e-04_20.5__400			0.181718		0.326667		0.331667
0.28_0.34_6.10e+00_7.32e-04_12.5__240			0.177708		0.400000		0.418333
0.28_0.34_6.10e+00_7.32e-04_22.0__433			0.181549		0.328333		0.328333
0.28_0.34_6.10e+00_7.32e-04_24.0__474			0.227502		0.345000		0.331667
0.28_0.34_6.10e+00_7.32e-04_7.5__145			0.172108		0.390000		0.420000
0.28_0.34_6.10e+00_7.32e-04_20.5__402			0.181863		0.340000		0.330000
0.28_0.34_6.10e+00_7.32e-04_3.5__62			0.130183		0.606667		0.581667
0.28_0.34_6.10e+00_7.32e-04_22.0__432			0.181968		0.340000		0.330000
0.28_0.34_6.10e+00_7.32e-04_24.0__479			0.188533		0.326667		0.363333
0.28_0.34_6.10e+00_7.32e-04_23.0__454			0.226832		0.345000		0.331667
0.28_0.34_6.10e+00_7.32e-04_11.0__210			0.172176		0.505000		0.530000
0.28_0.34_6.10e+00_7.32e-04_15.5__301			0.177315		0.353333		0.321667
0.28_0.34_6.10e+00_7.32e-04_15.0__291			0.176275		0.420000		0.380000
0.28_0.34_6.10e+00_7.32e-04_21.0__419			0.188527		0.326667		0.363333
0.28_0.34_6.10e+00_7.32e-04_10.5__202			0.178973		0.340000		0.330000
0.28_0.34_6.10e+00_7.32e-04_8.5__164			0.215096		0.345000		0.331667
0.28_0.34_6.10e+00_7.32e-04_24.0__471			0.174695		0.630000		0.623333
0.28_0.34_6.10e+00_7.32e-04_18.5__360			0.181153		0.326667		0.331667
0.28_0.34_6.10e+00_7.32e-04_13.5__265			0.183805		0.326667		0.350000
0.28_0.34_6.10e+00_7.32e-04_13.5__267			0.178105		0.320000		0.356667
0.28_0.34_6.10e+00_7.32e-04_21.0__410			0.180174		0.338333		0.348333
0.28_0.34_6.10e+00_7.32e-04_6.5__128			0.167382		0.431667		0.440000
0.28_0.34_6.10e+00_7.32e-04_19.5__383			0.180786		0.328333		0.328333
0.28_0.34_6.10e+00_7.32e-04_23.5__460			0.180860		0.338333		0.350000
0.28_0.34_6.10e+00_7.32e-04_14.0__279			0.184136		0.326667		0.363333
0.28_0.34_6.10e+00_7.32e-04_13.0__253			0.175499		0.368333		0.361667
0.28_0.34_6.10e+00_7.32e-04_19.0__377			0.178869		0.320000		0.356667
0.28_0.34_6.10e+00_7.32e-04_16.0__316			0.180698		0.346667		0.355000
0.28_0.34_6.10e+00_7.32e-04_3.5__60			0.118974		0.590000		0.621667
0.28_0.34_6.10e+00_7.32e-04_16.5__323			0.180733		0.328333		0.328333
0.28_0.34_6.10e+00_7.32e-04_13.5__266			0.180405		0.346667		0.355000
0.28_0.34_6.10e+00_7.32e-04_6.5__125			0.163760		0.520000		0.565000
0.28_0.34_6.10e+00_7.32e-04_6.5__122			0.164822		0.486667		0.491667
0.28_0.34_6.10e+00_7.32e-04_3.5__66			0.127678		0.565000		0.583333
0.28_0.34_6.10e+00_7.32e-04_19.0__375			0.184665		0.326667		0.350000
0.28_0.34_6.10e+00_7.32e-04_21.0__416			0.179906		0.346667		0.355000
0.28_0.34_6.10e+00_7.32e-04_24.0__478			0.195178		0.298333		0.328333
0.28_0.34_6.10e+00_7.32e-04_23.5__461			0.178998		0.351667		0.315000
0.28_0.34_6.10e+00_7.32e-04_22.5__445			0.185071		0.326667		0.350000
0.28_0.34_6.10e+00_7.32e-04_22.5__440			0.181741		0.326667		0.331667
0.28_0.34_6.10e+00_7.32e-04_23.0__450			0.181910		0.326667		0.331667
0.28_0.34_6.10e+00_7.32e-04_25.0__493			0.181382		0.328333		0.328333
0.28_0.34_6.10e+00_7.32e-04_10.0__195			0.177699		0.326667		0.350000
0.28_0.34_6.10e+00_7.32e-04_25.0__499			0.188560		0.326667		0.363333
0.28_0.34_6.10e+00_7.32e-04_21.5__428			0.193390		0.298333		0.328333
0.28_0.34_6.10e+00_7.32e-04_12.0__239			0.181675		0.441667		0.440000
0.28_0.34_6.10e+00_7.32e-04_23.5__467			0.179728		0.320000		0.356667
0.28_0.34_6.10e+00_7.32e-04_19.5__388			0.193042		0.298333		0.328333
0.28_0.34_6.10e+00_7.32e-04_13.5__263			0.179125		0.328333		0.328333
0.28_0.34_6.10e+00_7.32e-04_5.5__105			0.156074		0.600000		0.641667
0.28_0.34_6.10e+00_7.32e-04_21.0__411			0.178688		0.356667		0.316667
0.28_0.34_6.10e+00_7.32e-04_6.0__114			0.179335		0.526667		0.531667
0.28_0.34_6.10e+00_7.32e-04_20.0__393			0.182113		0.328333		0.328333
0.28_0.34_6.10e+00_7.32e-04_21.0__417			0.179312		0.320000		0.356667
0.28_0.34_6.10e+00_7.32e-04_7.5__148			0.177515		0.298333		0.328333
0.28_0.34_6.10e+00_7.32e-04_5.5__109			0.150314		0.605000		0.623333
0.28_0.34_6.10e+00_7.32e-04_21.0__412			0.176504		0.340000		0.330000
0.28_0.34_6.10e+00_7.32e-04_9.0__174			0.216564		0.345000		0.331667
0.28_0.34_6.10e+00_7.32e-04_20.0__392			0.182274		0.340000		0.330000
0.28_0.34_6.10e+00_7.32e-04_18.0__351			0.177976		0.351667		0.315000
0.28_0.34_6.10e+00_7.32e-04_24.5__480			0.182602		0.326667		0.331667
0.28_0.34_6.10e+00_7.32e-04_13.5__268			0.188071		0.298333		0.328333
0.28_0.34_6.10e+00_7.32e-04_22.5__441			0.178559		0.368333		0.350000
0.28_0.34_6.10e+00_7.32e-04_15.0__298			0.190895		0.298333		0.328333
0.28_0.34_6.10e+00_7.32e-04_23.5__465			0.185175		0.326667		0.350000
0.28_0.34_6.10e+00_7.32e-04_16.5__320			0.180581		0.328333		0.333333
0.28_0.34_6.10e+00_7.32e-04_21.0__413			0.181765		0.328333		0.328333
0.28_0.34_6.10e+00_7.32e-04_13.0__255			0.183547		0.326667		0.350000
0.28_0.34_6.10e+00_7.32e-04_16.5__324			0.228802		0.345000		0.331667
0.28_0.34_6.10e+00_7.32e-04_17.0__332			0.181652		0.340000		0.330000
0.28_0.34_6.10e+00_7.32e-04_15.5__308			0.190359		0.298333		0.328333
0.28_0.34_6.10e+00_7.32e-04_24.5__482			0.182506		0.340000		0.330000
0.28_0.34_6.10e+00_7.32e-04_17.0__336			0.180216		0.346667		0.355000
0.28_0.34_6.10e+00_7.32e-04_22.5__447			0.179972		0.320000		0.356667
0.28_0.34_6.10e+00_7.32e-04_17.0__335			0.184358		0.326667		0.350000
0.28_0.34_6.10e+00_7.32e-04_21.5__426			0.179606		0.346667		0.355000
0.28_0.34_6.10e+00_7.32e-04_18.0__353			0.179831		0.328333		0.328333
0.28_0.34_6.10e+00_7.32e-04_15.5__303			0.177893		0.330000		0.330000
0.28_0.34_6.10e+00_7.32e-04_12.5__246			0.180394		0.346667		0.355000
0.28_0.34_6.10e+00_7.32e-04_3.5__68			0.126029		0.691667		0.655000
0.28_0.34_6.10e+00_7.32e-04_2.5__48			0.127231		0.706667		0.666667
0.28_0.34_6.10e+00_7.32e-04_25.0__497			0.179933		0.320000		0.356667
0.28_0.34_6.10e+00_7.32e-04_20.0__398			0.194097		0.298333		0.328333
0.28_0.34_6.10e+00_7.32e-04_13.0__259			0.183817		0.330000		0.365000
0.28_0.34_6.10e+00_7.32e-04_25.0__491			0.176156		0.480000		0.451667
0.28_0.34_6.10e+00_7.32e-04_23.5__468			0.194063		0.298333		0.328333
0.28_0.34_6.10e+00_7.32e-04_18.0__350			0.179449		0.361667		0.376667
0.28_0.34_6.10e+00_7.32e-04_17.5__343			0.180219		0.328333		0.328333
0.28_0.34_6.10e+00_7.32e-04_24.0__477			0.179715		0.320000		0.356667
0.28_0.34_6.10e+00_7.32e-04_21.0__414			0.227956		0.345000		0.331667
0.28_0.34_6.10e+00_7.32e-04_24.0__470			0.182418		0.326667		0.331667
0.28_0.34_6.10e+00_7.32e-04_21.0__418			0.191167		0.298333		0.328333
0.28_0.34_6.10e+00_7.32e-04_21.5__427			0.179829		0.320000		0.356667
0.28_0.34_6.10e+00_7.32e-04_20.5__409			0.187312		0.326667		0.363333
0.28_0.34_6.10e+00_7.32e-04_20.5__403			0.181768		0.328333		0.328333
0.28_0.34_6.10e+00_7.32e-04_10.5__209			0.180256		0.446667		0.446667
0.28_0.34_6.10e+00_7.32e-04_17.0__333			0.179644		0.328333		0.328333
0.28_0.34_6.10e+00_7.32e-04_17.0__339			0.187268		0.326667		0.363333
0.28_0.34_6.10e+00_7.32e-04_14.5__284			0.225335		0.345000		0.331667
0.28_0.34_6.10e+00_7.32e-04_24.0__475			0.185255		0.326667		0.350000
0.28_0.34_6.10e+00_7.32e-04_25.0__496			0.180307		0.346667		0.355000
0.28_0.34_6.10e+00_7.32e-04_24.5__481			0.177603		0.471667		0.451667
0.28_0.34_6.10e+00_7.32e-04_19.0__372			0.182109		0.340000		0.330000
0.28_0.34_6.10e+00_7.32e-04_16.0__313			0.178744		0.328333		0.328333
0.28_0.34_6.10e+00_7.32e-04_9.0__179			0.169532		0.521667		0.518333
0.28_0.34_6.10e+00_7.32e-04_15.0__295			0.183533		0.326667		0.350000
0.28_0.34_6.10e+00_7.32e-04_14.5__283			0.180023		0.328333		0.328333
0.28_0.34_6.10e+00_7.32e-04_22.5__443			0.179243		0.328333		0.328333
0.28_0.34_6.10e+00_7.32e-04_23.0__455			0.185168		0.326667		0.350000
0.28_0.34_6.10e+00_7.32e-04_22.0__438			0.195289		0.298333		0.328333
0.28_0.34_6.10e+00_7.32e-04_22.5__448			0.194852		0.298333		0.328333
0.28_0.34_6.10e+00_7.32e-04_24.5__489			0.187286		0.326667		0.363333
0.28_0.34_6.10e+00_7.32e-04_23.0__453			0.180221		0.328333		0.328333
0.28_0.34_6.10e+00_7.32e-04_24.5__484			0.227318		0.345000		0.331667
0.28_0.34_6.10e+00_7.32e-04_17.0__338			0.191126		0.298333		0.328333
0.28_0.34_6.10e+00_7.32e-04_24.0__473			0.179918		0.328333		0.328333
0.28_0.34_6.10e+00_7.32e-04_14.5__289			0.184775		0.326667		0.363333
0.28_0.34_6.10e+00_7.32e-04_16.0__315			0.184155		0.326667		0.350000
0.28_0.34_6.10e+00_7.32e-04_18.5__362			0.181960		0.340000		0.330000
0.28_0.34_6.10e+00_7.32e-04_24.5__488			0.195502		0.298333		0.328333
0.28_0.34_6.10e+00_7.32e-04_11.5__223			0.174392		0.375000		0.366667
0.28_0.34_6.10e+00_7.32e-04_22.0__436			0.179909		0.346667		0.355000
0.28_0.34_6.10e+00_7.32e-04_21.0__415			0.184932		0.326667		0.350000
0.28_0.34_6.10e+00_7.32e-04_20.5__408			0.192257		0.298333		0.328333
0.28_0.34_6.10e+00_7.32e-04_22.0__435			0.185041		0.326667		0.350000
0.28_0.34_6.10e+00_7.32e-04_24.0__476			0.179980		0.346667		0.355000
0.28_0.34_6.10e+00_7.32e-04_6.5__121			0.153990		0.598333		0.613333
0.28_0.34_6.10e+00_7.32e-04_23.0__451			0.179367		0.351667		0.315000
0.28_0.34_6.10e+00_7.32e-04_25.0__492			0.182789		0.340000		0.330000
0.28_0.34_6.10e+00_7.32e-04_24.5__483			0.182148		0.328333		0.328333
0.28_0.34_6.10e+00_7.32e-04_18.5__368			0.193638		0.298333		0.328333
0.28_0.34_6.10e+00_7.32e-04_22.0__431			0.179291		0.351667		0.315000
0.28_0.34_6.10e+00_7.32e-04_19.0__378			0.193445		0.298333		0.328333
0.28_0.34_6.10e+00_7.32e-04_20.0__394			0.227536		0.345000		0.331667
0.28_0.34_6.10e+00_7.32e-04_3.5__63			0.113729		0.671667		0.646667
0.28_0.34_6.10e+00_7.32e-04_23.5__463			0.180403		0.328333		0.328333
0.28_0.34_6.10e+00_7.32e-04_16.5__325			0.184272		0.326667		0.350000
0.28_0.34_6.10e+00_7.32e-04_23.5__464			0.226650		0.345000		0.331667
0.28_0.34_6.10e+00_7.32e-04_17.5__347			0.179108		0.320000		0.356667
0.28_0.34_6.10e+00_7.32e-04_21.5__423			0.180282		0.328333		0.328333
0.28_0.34_6.10e+00_7.32e-04_24.5__486			0.180065		0.346667		0.355000
0.28_0.34_6.10e+00_7.32e-04_19.0__373			0.180874		0.328333		0.328333
0.28_0.34_6.10e+00_7.32e-04_23.5__466			0.180069		0.346667		0.355000
0.28_0.34_6.10e+00_7.32e-04_25.0__498			0.194016		0.298333		0.328333
0.28_0.34_6.10e+00_7.32e-04_18.0__358			0.182024		0.298333		0.328333
