id			last val		val acc		test acc
0.28_0.34_6.10e+00_7.32e-04_29.0__574			0.019444		0.970000		0.976667
0.28_0.34_6.10e+00_7.32e-04_27.5__540			0.017606		0.976667		0.970000
0.28_0.34_6.10e+00_7.32e-04_30.0__591			0.015222		0.978333		0.976667
0.28_0.34_6.10e+00_7.32e-04_29.0__575			0.030194		0.968333		0.946667
0.28_0.34_6.10e+00_7.32e-04_29.5__581			0.016215		0.976667		0.971667
0.28_0.34_6.10e+00_7.32e-04_29.0__579			0.028572		0.951667		0.958333
0.28_0.34_6.10e+00_7.32e-04_30.0__597			0.023916		0.976667		0.983333
0.28_0.34_6.10e+00_7.32e-04_29.5__580			0.019091		0.975000		0.970000
0.28_0.34_6.10e+00_7.32e-04_30.0__596			0.025034		0.956667		0.963333
0.28_0.34_6.10e+00_7.32e-04_27.5__543			0.015631		0.975000		0.966667
0.28_0.34_6.10e+00_7.32e-04_28.0__554			0.020078		0.970000		0.976667
0.28_0.34_6.10e+00_7.32e-04_28.5__569			0.028925		0.950000		0.953333
0.28_0.34_6.10e+00_7.32e-04_26.9__530			0.019052		0.975000		0.966667
0.28_0.34_6.10e+00_7.32e-04_30.0__598			0.018714		0.971667		0.971667
0.28_0.34_6.10e+00_7.32e-04_29.0__578			0.019414		0.968333		0.968333
0.28_0.34_6.10e+00_7.32e-04_28.0__557			0.023998		0.970000		0.981667
0.28_0.34_6.10e+00_7.32e-04_30.0__590			0.019328		0.976667		0.966667
0.28_0.34_6.10e+00_7.32e-04_26.9__539			0.029209		0.953333		0.950000
0.28_0.34_6.10e+00_7.32e-04_27.5__547			0.024051		0.976667		0.981667
0.28_0.34_6.10e+00_7.32e-04_28.0__558			0.019269		0.968333		0.970000
0.28_0.34_6.10e+00_7.32e-04_30.0__593			0.015654		0.978333		0.965000
0.28_0.34_6.10e+00_7.32e-04_29.0__577			0.022935		0.976667		0.983333
0.28_0.34_6.10e+00_7.32e-04_28.0__556			0.024531		0.960000		0.961667
0.28_0.34_6.10e+00_7.32e-04_29.5__587			0.023968		0.978333		0.980000
0.28_0.34_6.10e+00_7.32e-04_28.5__567			0.023650		0.975000		0.980000
0.28_0.34_6.10e+00_7.32e-04_24.9__494			0.019166		0.971667		0.978333
0.28_0.34_6.10e+00_7.32e-04_29.5__586			0.025277		0.956667		0.963333
0.28_0.34_6.10e+00_7.32e-04_29.0__571			0.015846		0.975000		0.973333
0.28_0.34_6.10e+00_7.32e-04_25.9__510			0.017400		0.978333		0.966667
0.28_0.34_6.10e+00_7.32e-04_25.4__508			0.020212		0.965000		0.971667
0.28_0.34_6.10e+00_7.32e-04_28.0__555			0.030275		0.963333		0.943333
0.28_0.34_6.10e+00_7.32e-04_26.4__523			0.015662		0.978333		0.968333
0.28_0.34_6.10e+00_7.32e-04_28.0__552			0.026506		0.961667		0.971667
0.28_0.34_6.10e+00_7.32e-04_28.5__565			0.032370		0.956667		0.935000
0.28_0.34_6.10e+00_7.32e-04_21.4__425			0.030501		0.960000		0.940000
0.28_0.34_6.10e+00_7.32e-04_29.5__583			0.016517		0.976667		0.966667
0.28_0.34_6.10e+00_7.32e-04_25.4__505			0.029949		0.961667		0.955000
0.28_0.34_6.10e+00_7.32e-04_28.0__553			0.015599		0.976667		0.966667
0.28_0.34_6.10e+00_7.32e-04_27.5__541			0.016875		0.971667		0.976667
0.28_0.34_6.10e+00_7.32e-04_26.4__524			0.019500		0.971667		0.978333
0.28_0.34_6.10e+00_7.32e-04_26.4__528			0.020257		0.963333		0.971667
0.28_0.34_6.10e+00_7.32e-04_22.9__453			0.016559		0.970000		0.966667
0.28_0.34_6.10e+00_7.32e-04_24.9__491			0.016279		0.976667		0.973333
0.28_0.34_6.10e+00_7.32e-04_24.4__483			0.016624		0.968333		0.960000
0.28_0.34_6.10e+00_7.32e-04_24.9__498			0.020522		0.965000		0.973333
0.28_0.34_6.10e+00_7.32e-04_26.9__536			0.023886		0.963333		0.961667
0.28_0.34_6.10e+00_7.32e-04_24.4__485			0.031328		0.960000		0.951667
0.28_0.34_6.10e+00_7.32e-04_23.4__468			0.019580		0.965000		0.971667
0.28_0.34_6.10e+00_7.32e-04_23.9__478			0.019244		0.970000		0.975000
0.28_0.34_6.10e+00_7.32e-04_27.5__546			0.024345		0.956667		0.961667
0.28_0.34_6.10e+00_7.32e-04_29.0__572			0.027849		0.965000		0.968333
0.28_0.34_6.10e+00_7.32e-04_19.8__394			0.021687		0.965000		0.976667
0.28_0.34_6.10e+00_7.32e-04_30.0__592			0.026421		0.963333		0.978333
0.28_0.34_6.10e+00_7.32e-04_26.4__522			0.028601		0.961667		0.971667
0.28_0.34_6.10e+00_7.32e-04_25.9__514			0.020018		0.973333		0.978333
0.28_0.34_6.10e+00_7.32e-04_24.4__489			0.029249		0.950000		0.958333
0.28_0.34_6.10e+00_7.32e-04_20.8__418			0.023532		0.956667		0.966667
0.28_0.34_6.10e+00_7.32e-04_24.4__486			0.025999		0.956667		0.963333
0.28_0.34_6.10e+00_7.32e-04_23.4__461			0.015213		0.970000		0.976667
0.28_0.34_6.10e+00_7.32e-04_26.9__535			0.030135		0.968333		0.945000
0.28_0.34_6.10e+00_7.32e-04_26.4__521			0.016132		0.975000		0.973333
0.28_0.34_6.10e+00_7.32e-04_28.5__561			0.016712		0.976667		0.975000
0.28_0.34_6.10e+00_7.32e-04_21.9__439			0.030798		0.950000		0.956667
0.28_0.34_6.10e+00_7.32e-04_20.8__413			0.019233		0.966667		0.958333
0.28_0.34_6.10e+00_7.32e-04_23.9__471			0.015758		0.973333		0.973333
0.28_0.34_6.10e+00_7.32e-04_25.4__501			0.016120		0.978333		0.973333
0.28_0.34_6.10e+00_7.32e-04_22.4__443			0.017064		0.968333		0.970000
0.28_0.34_6.10e+00_7.32e-04_30.0__599			0.029366		0.950000		0.955000
0.28_0.34_6.10e+00_7.32e-04_26.4__526			0.024676		0.956667		0.965000
0.28_0.34_6.10e+00_7.32e-04_20.3__408			0.021473		0.961667		0.970000
0.28_0.34_6.10e+00_7.32e-04_22.9__458			0.020789		0.966667		0.970000
0.28_0.34_6.10e+00_7.32e-04_29.5__588			0.019151		0.968333		0.970000
0.28_0.34_6.10e+00_7.32e-04_25.9__511			0.015950		0.976667		0.971667
0.28_0.34_6.10e+00_7.32e-04_27.5__544			0.020421		0.970000		0.976667
0.28_0.34_6.10e+00_7.32e-04_22.4__441			0.015489		0.978333		0.975000
0.28_0.34_6.10e+00_7.32e-04_24.4__488			0.018469		0.965000		0.973333
0.28_0.34_6.10e+00_7.32e-04_20.3__405			0.035303		0.948333		0.936667
0.28_0.34_6.10e+00_7.32e-04_28.5__560			0.019332		0.975000		0.966667
0.28_0.34_6.10e+00_7.32e-04_24.9__496			0.024394		0.961667		0.961667
0.28_0.34_6.10e+00_7.32e-04_26.9__537			0.023105		0.978333		0.981667
0.28_0.34_6.10e+00_7.32e-04_20.8__417			0.024539		0.980000		0.976667
0.28_0.34_6.10e+00_7.32e-04_21.4__421			0.014738		0.970000		0.970000
0.28_0.34_6.10e+00_7.32e-04_23.9__479			0.028061		0.951667		0.958333
0.28_0.34_6.10e+00_7.32e-04_24.9__493			0.016491		0.971667		0.965000
0.28_0.34_6.10e+00_7.32e-04_22.9__457			0.023974		0.975000		0.976667
0.28_0.34_6.10e+00_7.32e-04_22.4__442			0.030401		0.956667		0.960000
0.28_0.34_6.10e+00_7.32e-04_25.4__500			0.019847		0.975000		0.960000
0.28_0.34_6.10e+00_7.32e-04_29.5__582			0.026370		0.965000		0.981667
0.28_0.34_6.10e+00_7.32e-04_18.8__378			0.024729		0.955000		0.960000
0.28_0.34_6.10e+00_7.32e-04_23.4__466			0.024369		0.965000		0.966667
0.28_0.34_6.10e+00_7.32e-04_28.5__563			0.015976		0.978333		0.966667
0.28_0.34_6.10e+00_7.32e-04_23.4__460			0.018958		0.976667		0.963333
0.28_0.34_6.10e+00_7.32e-04_17.8__357			0.041221		0.950000		0.961667
0.28_0.34_6.10e+00_7.32e-04_24.9__492			0.027442		0.966667		0.971667
0.28_0.34_6.10e+00_7.32e-04_24.4__487			0.025415		0.980000		0.980000
0.28_0.34_6.10e+00_7.32e-04_22.9__452			0.030428		0.958333		0.961667
0.28_0.34_6.10e+00_7.32e-04_25.9__513			0.015604		0.975000		0.970000
0.28_0.34_6.10e+00_7.32e-04_19.8__392			0.033507		0.960000		0.958333
0.28_0.34_6.10e+00_7.32e-04_18.3__360			0.020741		0.970000		0.961667
0.28_0.34_6.10e+00_7.32e-04_21.4__427			0.024413		0.980000		0.978333
0.28_0.34_6.10e+00_7.32e-04_23.9__476			0.023389		0.966667		0.970000
0.28_0.34_6.10e+00_7.32e-04_19.8__398			0.022684		0.956667		0.963333
0.28_0.34_6.10e+00_7.32e-04_21.4__426			0.026626		0.961667		0.963333
0.28_0.34_6.10e+00_7.32e-04_28.0__550			0.017964		0.981667		0.970000
0.28_0.34_6.10e+00_7.32e-04_19.8__396			0.028890		0.955000		0.965000
0.28_0.34_6.10e+00_7.32e-04_18.3__368			0.025846		0.956667		0.966667
0.28_0.34_6.10e+00_7.32e-04_21.9__435			0.030593		0.960000		0.943333
0.28_0.34_6.10e+00_7.32e-04_28.5__562			0.026265		0.961667		0.978333
0.28_0.34_6.10e+00_7.32e-04_11.2__220			0.085217		0.791667		0.771667
0.28_0.34_6.10e+00_7.32e-04_20.8__414			0.020732		0.965000		0.981667
0.28_0.34_6.10e+00_7.32e-04_19.3__386			0.028604		0.950000		0.961667
0.28_0.34_6.10e+00_7.32e-04_17.8__355			0.035773		0.951667		0.941667
0.28_0.34_6.10e+00_7.32e-04_26.9__534			0.019491		0.970000		0.978333
0.28_0.34_6.10e+00_7.32e-04_19.8__391			0.018178		0.961667		0.956667
0.28_0.34_6.10e+00_7.32e-04_21.9__437			0.024705		0.976667		0.978333
0.28_0.34_6.10e+00_7.32e-04_25.9__519			0.028513		0.960000		0.945000
0.28_0.34_6.10e+00_7.32e-04_25.4__503			0.014730		0.976667		0.968333
0.28_0.34_6.10e+00_7.32e-04_19.8__393			0.020337		0.965000		0.956667
0.28_0.34_6.10e+00_7.32e-04_26.9__538			0.019729		0.966667		0.971667
0.28_0.34_6.10e+00_7.32e-04_19.3__381			0.020807		0.950000		0.956667
0.28_0.34_6.10e+00_7.32e-04_28.5__564			0.020212		0.970000		0.976667
0.28_0.34_6.10e+00_7.32e-04_26.4__529			0.029316		0.955000		0.951667
0.28_0.34_6.10e+00_7.32e-04_19.8__390			0.018352		0.971667		0.961667
0.28_0.34_6.10e+00_7.32e-04_19.3__385			0.036052		0.958333		0.938333
0.28_0.34_6.10e+00_7.32e-04_25.4__506			0.023966		0.955000		0.963333
0.28_0.34_6.10e+00_7.32e-04_29.5__585			0.030248		0.963333		0.943333
0.28_0.34_6.10e+00_7.32e-04_23.9__470			0.018463		0.980000		0.968333
0.28_0.34_6.10e+00_7.32e-04_25.9__512			0.027178		0.961667		0.978333
0.28_0.34_6.10e+00_7.32e-04_28.5__568			0.018743		0.966667		0.966667
0.28_0.34_6.10e+00_7.32e-04_18.8__374			0.024559		0.955000		0.970000
0.28_0.34_6.10e+00_7.32e-04_17.3__348			0.026863		0.943333		0.951667
0.28_0.34_6.10e+00_7.32e-04_20.3__407			0.027096		0.975000		0.975000
0.28_0.34_6.10e+00_7.32e-04_22.4__446			0.026254		0.960000		0.963333
0.28_0.34_6.10e+00_7.32e-04_16.3__320			0.044979		0.890000		0.871667
0.28_0.34_6.10e+00_7.32e-04_27.5__545			0.030829		0.961667		0.945000
0.28_0.34_6.10e+00_7.32e-04_21.4__422			0.032585		0.958333		0.956667
0.28_0.34_6.10e+00_7.32e-04_24.4__482			0.028063		0.965000		0.966667
0.28_0.34_6.10e+00_7.32e-04_14.2__287			0.064027		0.853333		0.871667
0.28_0.34_6.10e+00_7.32e-04_14.7__297			0.062718		0.855000		0.876667
0.28_0.34_6.10e+00_7.32e-04_18.3__367			0.036954		0.951667		0.960000
0.28_0.34_6.10e+00_7.32e-04_16.3__322			0.061148		0.891667		0.900000
0.28_0.34_6.10e+00_7.32e-04_15.8__319			0.059414		0.875000		0.853333
0.28_0.34_6.10e+00_7.32e-04_19.3__383			0.020038		0.960000		0.953333
0.28_0.34_6.10e+00_7.32e-04_21.9__434			0.020375		0.966667		0.983333
0.28_0.34_6.10e+00_7.32e-04_13.7__273			0.064481		0.846667		0.821667
0.28_0.34_6.10e+00_7.32e-04_18.3__361			0.020502		0.960000		0.960000
0.28_0.34_6.10e+00_7.32e-04_25.4__502			0.028029		0.963333		0.971667
0.28_0.34_6.10e+00_7.32e-04_21.4__429			0.028959		0.956667		0.958333
0.28_0.34_6.10e+00_7.32e-04_26.9__533			0.015711		0.973333		0.968333
0.28_0.34_6.10e+00_7.32e-04_23.4__464			0.021009		0.968333		0.981667
0.28_0.34_6.10e+00_7.32e-04_29.0__573			0.015686		0.976667		0.968333
0.28_0.34_6.10e+00_7.32e-04_25.4__504			0.019557		0.973333		0.975000
0.28_0.34_6.10e+00_7.32e-04_29.5__584			0.019978		0.968333		0.976667
0.28_0.34_6.10e+00_7.32e-04_16.3__326			0.040633		0.940000		0.953333
0.28_0.34_6.10e+00_7.32e-04_22.4__449			0.030244		0.955000		0.953333
0.28_0.34_6.10e+00_7.32e-04_20.8__419			0.028177		0.958333		0.956667
0.28_0.34_6.10e+00_7.32e-04_20.8__412			0.033720		0.951667		0.961667
0.28_0.34_6.10e+00_7.32e-04_19.8__399			0.030024		0.958333		0.946667
0.28_0.34_6.10e+00_7.32e-04_24.4__481			0.016113		0.975000		0.973333
0.28_0.34_6.10e+00_7.32e-04_21.9__430			0.018296		0.980000		0.961667
0.28_0.34_6.10e+00_7.32e-04_13.7__276			0.062311		0.851667		0.875000
0.28_0.34_6.10e+00_7.32e-04_28.0__559			0.028745		0.956667		0.950000
0.28_0.34_6.10e+00_7.32e-04_11.7__231			0.071428		0.788333		0.798333
0.28_0.34_6.10e+00_7.32e-04_15.3__307			0.058980		0.856667		0.873333
0.28_0.34_6.10e+00_7.32e-04_14.2__280			0.058066		0.875000		0.863333
0.28_0.34_6.10e+00_7.32e-04_24.4__480			0.019250		0.975000		0.961667
0.28_0.34_6.10e+00_7.32e-04_15.3__303			0.053154		0.888333		0.863333
0.28_0.34_6.10e+00_7.32e-04_30.0__594			0.020936		0.968333		0.983333
0.28_0.34_6.10e+00_7.32e-04_19.3__382			0.039159		0.951667		0.950000
0.28_0.34_6.10e+00_7.32e-04_10.7__218			0.110572		0.661667		0.618333
0.28_0.34_6.10e+00_7.32e-04_20.3__401			0.015846		0.960000		0.960000
0.28_0.34_6.10e+00_7.32e-04_20.3__406			0.025940		0.963333		0.958333
0.28_0.34_6.10e+00_7.32e-04_23.9__475			0.031815		0.956667		0.946667
0.28_0.34_6.10e+00_7.32e-04_26.9__531			0.016388		0.976667		0.976667
0.28_0.34_6.10e+00_7.32e-04_23.4__463			0.016757		0.976667		0.971667
0.28_0.34_6.10e+00_7.32e-04_23.4__469			0.030013		0.950000		0.958333
0.28_0.34_6.10e+00_7.32e-04_20.3__409			0.028861		0.958333		0.963333
0.28_0.34_6.10e+00_7.32e-04_22.9__456			0.025068		0.965000		0.963333
0.28_0.34_6.10e+00_7.32e-04_21.9__436			0.027937		0.960000		0.960000
0.28_0.34_6.10e+00_7.32e-04_16.8__338			0.036401		0.938333		0.923333
0.28_0.34_6.10e+00_7.32e-04_20.3__404			0.022087		0.960000		0.976667
0.28_0.34_6.10e+00_7.32e-04_16.3__328			0.034911		0.951667		0.938333
0.28_0.34_6.10e+00_7.32e-04_21.4__424			0.020109		0.966667		0.983333
0.28_0.34_6.10e+00_7.32e-04_23.9__473			0.017263		0.978333		0.965000
0.28_0.34_6.10e+00_7.32e-04_13.7__277			0.064017		0.858333		0.878333
0.28_0.34_6.10e+00_7.32e-04_24.9__497			0.024124		0.970000		0.976667
0.28_0.34_6.10e+00_7.32e-04_22.9__455			0.030632		0.963333		0.945000
0.28_0.34_6.10e+00_7.32e-04_15.8__313			0.047073		0.903333		0.885000
0.28_0.34_6.10e+00_7.32e-04_19.3__380			0.021999		0.976667		0.963333
0.28_0.34_6.10e+00_7.32e-04_19.3__384			0.021624		0.961667		0.975000
0.28_0.34_6.10e+00_7.32e-04_26.4__527			0.024360		0.981667		0.980000
0.28_0.34_6.10e+00_7.32e-04_16.3__325			0.057652		0.908333		0.876667
0.28_0.34_6.10e+00_7.32e-04_9.7__195			0.146042		0.583333		0.595000
0.28_0.34_6.10e+00_7.32e-04_21.9__438			0.020207		0.966667		0.971667
0.28_0.34_6.10e+00_7.32e-04_9.7__191			0.115919		0.608333		0.591667
0.28_0.34_6.10e+00_7.32e-04_12.2__243			0.080634		0.783333		0.763333
0.28_0.34_6.10e+00_7.32e-04_23.4__467			0.024837		0.978333		0.971667
0.28_0.34_6.10e+00_7.32e-04_15.3__308			0.053744		0.865000		0.846667
0.28_0.34_6.10e+00_7.32e-04_25.4__507			0.024016		0.975000		0.975000
0.28_0.34_6.10e+00_7.32e-04_13.7__270			0.059066		0.875000		0.861667
0.28_0.34_6.10e+00_7.32e-04_14.2__283			0.061739		0.860000		0.825000
0.28_0.34_6.10e+00_7.32e-04_28.5__566			0.025064		0.955000		0.963333
0.28_0.34_6.10e+00_7.32e-04_9.2__184			0.160451		0.560000		0.561667
0.28_0.34_6.10e+00_7.32e-04_16.8__333			0.029603		0.951667		0.948333
0.28_0.34_6.10e+00_7.32e-04_23.4__462			0.029570		0.961667		0.963333
0.28_0.34_6.10e+00_7.32e-04_20.3__403			0.019865		0.965000		0.951667
0.28_0.34_6.10e+00_7.32e-04_20.8__410			0.018310		0.976667		0.965000
0.28_0.34_6.10e+00_7.32e-04_23.9__477			0.024806		0.976667		0.981667
0.28_0.34_6.10e+00_7.32e-04_28.0__551			0.016875		0.975000		0.976667
0.28_0.34_6.10e+00_7.32e-04_18.8__371			0.018786		0.955000		0.958333
0.28_0.34_6.10e+00_7.32e-04_4.1__85			0.166734		0.578333		0.588333
0.28_0.34_6.10e+00_7.32e-04_17.3__349			0.045048		0.928333		0.920000
0.28_0.34_6.10e+00_7.32e-04_16.8__335			0.051982		0.920000		0.915000
0.28_0.34_6.10e+00_7.32e-04_26.9__532			0.027200		0.960000		0.973333
0.28_0.34_6.10e+00_7.32e-04_15.3__305			0.062532		0.883333		0.860000
0.28_0.34_6.10e+00_7.32e-04_20.3__400			0.019106		0.973333		0.966667
0.28_0.34_6.10e+00_7.32e-04_24.9__499			0.029068		0.950000		0.956667
0.28_0.34_6.10e+00_7.32e-04_15.3__301			0.039815		0.910000		0.925000
0.28_0.34_6.10e+00_7.32e-04_10.2__203			0.103140		0.706667		0.688333
0.28_0.34_6.10e+00_7.32e-04_15.8__310			0.045707		0.888333		0.866667
0.28_0.34_6.10e+00_7.32e-04_12.7__253			0.070698		0.825000		0.806667
0.28_0.34_6.10e+00_7.32e-04_15.8__311			0.039316		0.925000		0.930000
0.28_0.34_6.10e+00_7.32e-04_12.2__244			0.086049		0.813333		0.831667
0.28_0.34_6.10e+00_7.32e-04_14.2__285			0.064368		0.875000		0.856667
0.28_0.34_6.10e+00_7.32e-04_17.3__347			0.037074		0.945000		0.960000
0.28_0.34_6.10e+00_7.32e-04_16.8__334			0.054366		0.915000		0.913333
0.28_0.34_6.10e+00_7.32e-04_16.8__330			0.034955		0.956667		0.941667
0.28_0.34_6.10e+00_7.32e-04_22.4__448			0.019508		0.966667		0.968333
0.28_0.34_6.10e+00_7.32e-04_30.0__595			0.030858		0.961667		0.941667
0.28_0.34_6.10e+00_7.32e-04_11.2__226			0.090477		0.805000		0.805000
0.28_0.34_6.10e+00_7.32e-04_5.6__116			0.133496		0.568333		0.586667
0.28_0.34_6.10e+00_7.32e-04_17.8__350			0.022240		0.961667		0.961667
0.28_0.34_6.10e+00_7.32e-04_1.5__36			0.134979		0.593333		0.601667
0.28_0.34_6.10e+00_7.32e-04_10.2__204			0.150708		0.558333		0.550000
0.28_0.34_6.10e+00_7.32e-04_15.3__309			0.060159		0.860000		0.846667
0.28_0.34_6.10e+00_7.32e-04_11.2__227			0.111510		0.700000		0.726667
0.28_0.34_6.10e+00_7.32e-04_25.9__515			0.030542		0.966667		0.948333
0.28_0.34_6.10e+00_7.32e-04_19.3__389			0.032390		0.953333		0.933333
0.28_0.34_6.10e+00_7.32e-04_6.6__131			0.135503		0.606667		0.576667
0.28_0.34_6.10e+00_7.32e-04_16.8__336			0.039258		0.945000		0.950000
0.28_0.34_6.10e+00_7.32e-04_10.2__201			0.115568		0.620000		0.595000
0.28_0.34_6.10e+00_7.32e-04_9.2__180			0.132952		0.571667		0.613333
0.28_0.34_6.10e+00_7.32e-04_9.2__183			0.124761		0.575000		0.563333
0.28_0.34_6.10e+00_7.32e-04_25.9__517			0.024488		0.975000		0.976667
0.28_0.34_6.10e+00_7.32e-04_18.3__363			0.024635		0.958333		0.955000
0.28_0.34_6.10e+00_7.32e-04_5.6__114			0.234640		0.345000		0.331667
0.28_0.34_6.10e+00_7.32e-04_16.3__324			0.056310		0.910000		0.905000
0.28_0.34_6.10e+00_7.32e-04_22.4__444			0.020900		0.968333		0.980000
0.28_0.34_6.10e+00_7.32e-04_16.8__331			0.032373		0.925000		0.945000
0.28_0.34_6.10e+00_7.32e-04_14.2__286			0.062104		0.858333		0.883333
0.28_0.34_6.10e+00_7.32e-04_10.7__213			0.100656		0.726667		0.696667
0.28_0.34_6.10e+00_7.32e-04_27.5__548			0.020405		0.963333		0.965000
0.28_0.34_6.10e+00_7.32e-04_18.3__366			0.033828		0.955000		0.956667
0.28_0.34_6.10e+00_7.32e-04_17.3__344			0.035268		0.951667		0.953333
0.28_0.34_6.10e+00_7.32e-04_20.8__416			0.025594		0.960000		0.965000
0.28_0.34_6.10e+00_7.32e-04_26.4__525			0.030492		0.961667		0.945000
0.28_0.34_6.10e+00_7.32e-04_29.0__576			0.025083		0.955000		0.963333
0.28_0.34_6.10e+00_7.32e-04_25.9__516			0.023342		0.960000		0.963333
0.28_0.34_6.10e+00_7.32e-04_12.2__246			0.066932		0.800000		0.810000
0.28_0.34_6.10e+00_7.32e-04_15.8__315			0.058939		0.900000		0.875000
0.28_0.34_6.10e+00_7.32e-04_11.2__221			0.103889		0.718333		0.703333
0.28_0.34_6.10e+00_7.32e-04_7.6__159			0.135693		0.615000		0.640000
0.28_0.34_6.10e+00_7.32e-04_12.7__254			0.082206		0.818333		0.836667
0.28_0.34_6.10e+00_7.32e-04_16.3__329			0.056903		0.905000		0.900000
0.28_0.34_6.10e+00_7.32e-04_4.6__95			0.178126		0.591667		0.596667
0.28_0.34_6.10e+00_7.32e-04_19.8__395			0.037278		0.948333		0.931667
0.28_0.34_6.10e+00_7.32e-04_2.0__48			0.135712		0.656667		0.636667
0.28_0.34_6.10e+00_7.32e-04_16.8__339			0.048240		0.910000		0.906667
0.28_0.34_6.10e+00_7.32e-04_1.0__23			0.124383		0.576667		0.570000
0.28_0.34_6.10e+00_7.32e-04_2.0__46			0.136543		0.576667		0.596667
0.28_0.34_6.10e+00_7.32e-04_12.7__256			0.066008		0.810000		0.810000
0.28_0.34_6.10e+00_7.32e-04_14.7__296			0.058986		0.865000		0.885000
0.28_0.34_6.10e+00_7.32e-04_6.1__126			0.132206		0.605000		0.608333
0.28_0.34_6.10e+00_7.32e-04_13.2__268			0.059344		0.826667		0.783333
0.28_0.34_6.10e+00_7.32e-04_18.8__373			0.022685		0.961667		0.948333
0.28_0.34_6.10e+00_7.32e-04_13.7__274			0.075924		0.840000		0.878333
0.28_0.34_6.10e+00_7.32e-04_12.7__258			0.066800		0.773333		0.748333
0.28_0.34_6.10e+00_7.32e-04_15.8__314			0.061550		0.891667		0.896667
0.28_0.34_6.10e+00_7.32e-04_13.2__269			0.082078		0.781667		0.771667
0.28_0.34_6.10e+00_7.32e-04_10.2__209			0.109381		0.713333		0.703333
0.28_0.34_6.10e+00_7.32e-04_15.8__316			0.053368		0.915000		0.930000
0.28_0.34_6.10e+00_7.32e-04_18.8__372			0.038975		0.950000		0.945000
0.28_0.34_6.10e+00_7.32e-04_15.3__306			0.051016		0.905000		0.921667
0.28_0.34_6.10e+00_7.32e-04_1.5__30			0.136392		0.573333		0.610000
0.28_0.34_6.10e+00_7.32e-04_12.2__249			0.085880		0.778333		0.755000
0.28_0.34_6.10e+00_7.32e-04_8.1__162			0.130514		0.643333		0.620000
0.28_0.34_6.10e+00_7.32e-04_18.3__362			0.042488		0.943333		0.951667
0.28_0.34_6.10e+00_7.32e-04_22.4__440			0.018515		0.980000		0.966667
0.28_0.34_6.10e+00_7.32e-04_1.0__28			0.135819		0.713333		0.700000
0.28_0.34_6.10e+00_7.32e-04_18.3__365			0.033782		0.951667		0.946667
0.28_0.34_6.10e+00_7.32e-04_12.2__242			0.085370		0.785000		0.775000
0.28_0.34_6.10e+00_7.32e-04_29.0__570			0.019453		0.976667		0.966667
0.28_0.34_6.10e+00_7.32e-04_14.7__290			0.048571		0.891667		0.866667
0.28_0.34_6.10e+00_7.32e-04_14.7__294			0.070081		0.848333		0.880000
0.28_0.34_6.10e+00_7.32e-04_11.7__238			0.072477		0.748333		0.728333
0.28_0.34_6.10e+00_7.32e-04_2.5__58			0.136242		0.703333		0.673333
0.28_0.34_6.10e+00_7.32e-04_2.5__56			0.147028		0.593333		0.605000
0.28_0.34_6.10e+00_7.32e-04_1.0__26			0.134187		0.595000		0.605000
0.28_0.34_6.10e+00_7.32e-04_17.3__343			0.028136		0.951667		0.948333
0.28_0.34_6.10e+00_7.32e-04_14.2__288			0.054503		0.856667		0.825000
0.28_0.34_6.10e+00_7.32e-04_26.4__520			0.018162		0.975000		0.970000
0.28_0.34_6.10e+00_7.32e-04_11.7__235			0.100595		0.796667		0.755000
0.28_0.34_6.10e+00_7.32e-04_9.7__190			0.123860		0.570000		0.615000
0.28_0.34_6.10e+00_7.32e-04_8.6__174			0.179849		0.561667		0.563333
0.28_0.34_6.10e+00_7.32e-04_22.4__445			0.031443		0.958333		0.951667
0.28_0.34_6.10e+00_7.32e-04_13.2__262			0.072472		0.818333		0.810000
0.28_0.34_6.10e+00_7.32e-04_5.1__105			0.155968		0.551667		0.565000
0.28_0.34_6.10e+00_7.32e-04_14.2__281			0.051468		0.870000		0.871667
0.28_0.34_6.10e+00_7.32e-04_9.7__196			0.117231		0.700000		0.683333
0.28_0.34_6.10e+00_7.32e-04_11.7__239			0.087688		0.785000		0.753333
0.28_0.34_6.10e+00_7.32e-04_23.9__472			0.028907		0.963333		0.966667
0.28_0.34_6.10e+00_7.32e-04_18.3__369			0.038483		0.951667		0.941667
0.28_0.34_6.10e+00_7.32e-04_12.7__250			0.072281		0.818333		0.810000
0.28_0.34_6.10e+00_7.32e-04_4.6__97			0.137705		0.580000		0.561667
0.28_0.34_6.10e+00_7.32e-04_5.6__119			0.188638		0.326667		0.313333
0.28_0.34_6.10e+00_7.32e-04_3.1__68			0.176259		0.456667		0.430000
0.28_0.34_6.10e+00_7.32e-04_24.9__490			0.020919		0.978333		0.961667
0.28_0.34_6.10e+00_7.32e-04_4.6__92			0.178567		0.355000		0.336667
0.28_0.34_6.10e+00_7.32e-04_15.3__302			0.059893		0.873333		0.858333
0.28_0.34_6.10e+00_7.32e-04_2.5__55			0.157441		0.513333		0.548333
0.28_0.34_6.10e+00_7.32e-04_10.7__210			0.120660		0.571667		0.613333
0.28_0.34_6.10e+00_7.32e-04_22.9__450			0.018619		0.980000		0.968333
0.28_0.34_6.10e+00_7.32e-04_13.2__264			0.076899		0.830000		0.846667
0.28_0.34_6.10e+00_7.32e-04_13.2__266			0.063498		0.845000		0.871667
0.28_0.34_6.10e+00_7.32e-04_0.5__14			0.159934		0.561667		0.588333
0.28_0.34_6.10e+00_7.32e-04_8.1__161			0.133561		0.608333		0.576667
0.28_0.34_6.10e+00_7.32e-04_3.6__77			0.142034		0.578333		0.561667
0.28_0.34_6.10e+00_7.32e-04_16.3__323			0.034179		0.930000		0.933333
0.28_0.34_6.10e+00_7.32e-04_2.5__51			0.136435		0.550000		0.543333
0.28_0.34_6.10e+00_7.32e-04_11.7__237			0.098055		0.753333		0.778333
0.28_0.34_6.10e+00_7.32e-04_10.7__219			0.104724		0.768333		0.766667
0.28_0.34_6.10e+00_7.32e-04_19.8__397			0.026484		0.970000		0.978333
0.28_0.34_6.10e+00_7.32e-04_8.6__173			0.125427		0.575000		0.565000
0.28_0.34_6.10e+00_7.32e-04_2.5__57			0.142602		0.570000		0.575000
0.28_0.34_6.10e+00_7.32e-04_29.5__589			0.026990		0.955000		0.956667
0.28_0.34_6.10e+00_7.32e-04_15.8__312			0.069211		0.876667		0.858333
0.28_0.34_6.10e+00_7.32e-04_16.3__327			0.049080		0.930000		0.931667
0.28_0.34_6.10e+00_7.32e-04_3.6__73			0.161874		0.458333		0.433333
0.28_0.34_6.10e+00_7.32e-04_21.9__433			0.018491		0.973333		0.960000
0.28_0.34_6.10e+00_7.32e-04_1.0__20			0.135794		0.573333		0.616667
0.28_0.34_6.10e+00_7.32e-04_10.7__211			0.110428		0.601667		0.583333
0.28_0.34_6.10e+00_7.32e-04_7.1__148			0.138383		0.711667		0.663333
0.28_0.34_6.10e+00_7.32e-04_1.0__29			0.126485		0.640000		0.656667
0.28_0.34_6.10e+00_7.32e-04_0.0__6			0.142932		0.555000		0.571667
0.28_0.34_6.10e+00_7.32e-04_22.4__447			0.023787		0.976667		0.980000
0.28_0.34_6.10e+00_7.32e-04_2.5__50			0.137495		0.563333		0.593333
0.28_0.34_6.10e+00_7.32e-04_0.0__8			0.115103		0.696667		0.641667
0.28_0.34_6.10e+00_7.32e-04_17.8__352			0.042848		0.938333		0.931667
0.28_0.34_6.10e+00_7.32e-04_8.1__163			0.125847		0.571667		0.566667
0.28_0.34_6.10e+00_7.32e-04_17.3__346			0.041350		0.940000		0.948333
0.28_0.34_6.10e+00_7.32e-04_4.1__86			0.132448		0.608333		0.611667
0.28_0.34_6.10e+00_7.32e-04_0.5__17			0.128029		0.570000		0.563333
0.28_0.34_6.10e+00_7.32e-04_18.8__379			0.033007		0.958333		0.938333
0.28_0.34_6.10e+00_7.32e-04_10.7__215			0.106867		0.753333		0.723333
0.28_0.34_6.10e+00_7.32e-04_17.8__359			0.042779		0.940000		0.918333
0.28_0.34_6.10e+00_7.32e-04_6.1__122			0.132543		0.658333		0.648333
0.28_0.34_6.10e+00_7.32e-04_14.2__284			0.072420		0.846667		0.883333
0.28_0.34_6.10e+00_7.32e-04_10.7__214			0.127587		0.596667		0.600000
0.28_0.34_6.10e+00_7.32e-04_2.0__44			0.165388		0.578333		0.588333
0.28_0.34_6.10e+00_7.32e-04_9.7__193			0.108194		0.676667		0.676667
0.28_0.34_6.10e+00_7.32e-04_6.6__136			0.126946		0.610000		0.615000
0.28_0.34_6.10e+00_7.32e-04_21.9__432			0.030328		0.958333		0.961667
0.28_0.34_6.10e+00_7.32e-04_7.6__154			0.186045		0.531667		0.533333
0.28_0.34_6.10e+00_7.32e-04_12.2__247			0.081704		0.798333		0.808333
0.28_0.34_6.10e+00_7.32e-04_13.7__275			0.065535		0.868333		0.838333
0.28_0.34_6.10e+00_7.32e-04_24.9__495			0.030519		0.961667		0.945000
0.28_0.34_6.10e+00_7.32e-04_25.4__509			0.030194		0.955000		0.956667
0.28_0.34_6.10e+00_7.32e-04_4.6__96			0.179050		0.401667		0.403333
0.28_0.34_6.10e+00_7.32e-04_8.1__167			0.142372		0.588333		0.578333
0.28_0.34_6.10e+00_7.32e-04_22.9__451			0.015859		0.968333		0.971667
0.28_0.34_6.10e+00_7.32e-04_2.5__54			0.215789		0.345000		0.331667
0.28_0.34_6.10e+00_7.32e-04_8.6__170			0.136065		0.571667		0.616667
0.28_0.34_6.10e+00_7.32e-04_6.1__124			0.168373		0.571667		0.586667
0.28_0.34_6.10e+00_7.32e-04_11.2__229			0.096614		0.773333		0.770000
0.28_0.34_6.10e+00_7.32e-04_11.7__232			0.086406		0.781667		0.768333
0.28_0.34_6.10e+00_7.32e-04_15.3__300			0.047084		0.891667		0.868333
0.28_0.34_6.10e+00_7.32e-04_8.6__177			0.142035		0.586667		0.578333
0.28_0.34_6.10e+00_7.32e-04_6.1__120			0.136706		0.570000		0.611667
0.28_0.34_6.10e+00_7.32e-04_1.5__32			0.129590		0.605000		0.580000
0.28_0.34_6.10e+00_7.32e-04_6.1__129			0.189647		0.326667		0.313333
0.28_0.34_6.10e+00_7.32e-04_6.6__133			0.128194		0.573333		0.568333
0.28_0.34_6.10e+00_7.32e-04_19.3__387			0.027481		0.971667		0.971667
0.28_0.34_6.10e+00_7.32e-04_6.6__130			0.136627		0.571667		0.611667
0.28_0.34_6.10e+00_7.32e-04_0.5__16			0.133808		0.573333		0.595000
0.28_0.34_6.10e+00_7.32e-04_13.7__278			0.055807		0.840000		0.810000
0.28_0.34_6.10e+00_7.32e-04_2.0__47			0.139699		0.565000		0.560000
0.28_0.34_6.10e+00_7.32e-04_17.8__351			0.025195		0.951667		0.956667
0.28_0.34_6.10e+00_7.32e-04_2.5__59			0.132305		0.666667		0.661667
0.28_0.34_6.10e+00_7.32e-04_11.2__228			0.092040		0.716667		0.695000
0.28_0.34_6.10e+00_7.32e-04_6.1__128			0.140487		0.561667		0.553333
0.28_0.34_6.10e+00_7.32e-04_20.8__411			0.015475		0.960000		0.960000
0.28_0.34_6.10e+00_7.32e-04_14.7__299			0.070774		0.848333		0.836667
0.28_0.34_6.10e+00_7.32e-04_11.2__222			0.101898		0.748333		0.725000
0.28_0.34_6.10e+00_7.32e-04_3.1__60			0.188189		0.326667		0.356667
0.28_0.34_6.10e+00_7.32e-04_15.8__318			0.041717		0.940000		0.918333
0.28_0.34_6.10e+00_7.32e-04_7.1__147			0.140386		0.585000		0.583333
0.28_0.34_6.10e+00_7.32e-04_8.1__169			0.134943		0.628333		0.640000
0.28_0.34_6.10e+00_7.32e-04_7.1__149			0.136011		0.610000		0.633333
0.28_0.34_6.10e+00_7.32e-04_7.6__150			0.136722		0.571667		0.616667
0.28_0.34_6.10e+00_7.32e-04_3.1__63			0.163249		0.431667		0.411667
0.28_0.34_6.10e+00_7.32e-04_1.5__39			0.126012		0.631667		0.648333
0.28_0.34_6.10e+00_7.32e-04_7.6__156			0.127789		0.598333		0.611667
0.28_0.34_6.10e+00_7.32e-04_23.4__465			0.031162		0.958333		0.951667
0.28_0.34_6.10e+00_7.32e-04_1.0__21			0.134981		0.583333		0.601667
0.28_0.34_6.10e+00_7.32e-04_9.2__182			0.125995		0.710000		0.680000
0.28_0.34_6.10e+00_7.32e-04_7.1__141			0.135517		0.598333		0.563333
0.28_0.34_6.10e+00_7.32e-04_8.1__160			0.136008		0.571667		0.616667
0.28_0.34_6.10e+00_7.32e-04_11.2__224			0.094861		0.790000		0.785000
0.28_0.34_6.10e+00_7.32e-04_4.1__88			0.187478		0.398333		0.356667
0.28_0.34_6.10e+00_7.32e-04_15.3__304			0.066819		0.853333		0.875000
0.28_0.34_6.10e+00_7.32e-04_13.7__279			0.072777		0.800000		0.790000
0.28_0.34_6.10e+00_7.32e-04_11.7__236			0.070892		0.790000		0.798333
0.28_0.34_6.10e+00_7.32e-04_8.6__179			0.133611		0.635000		0.641667
0.28_0.34_6.10e+00_7.32e-04_1.5__38			0.136076		0.616667		0.610000
0.28_0.34_6.10e+00_7.32e-04_15.8__317			0.059973		0.863333		0.883333
0.28_0.34_6.10e+00_7.32e-04_1.5__31			0.140623		0.621667		0.606667
0.28_0.34_6.10e+00_7.32e-04_5.6__111			0.136524		0.605000		0.578333
0.28_0.34_6.10e+00_7.32e-04_23.9__474			0.019952		0.973333		0.980000
0.28_0.34_6.10e+00_7.32e-04_6.6__135			0.145200		0.565000		0.581667
0.28_0.34_6.10e+00_7.32e-04_21.9__431			0.015260		0.963333		0.973333
0.28_0.34_6.10e+00_7.32e-04_17.3__341			0.030050		0.940000		0.948333
0.28_0.34_6.10e+00_7.32e-04_20.3__402			0.033800		0.958333		0.968333
0.28_0.34_6.10e+00_7.32e-04_12.2__240			0.074116		0.815000		0.813333
0.28_0.34_6.10e+00_7.32e-04_8.6__176			0.128491		0.610000		0.613333
0.28_0.34_6.10e+00_7.32e-04_3.1__67			0.135647		0.573333		0.563333
0.28_0.34_6.10e+00_7.32e-04_14.2__289			0.073245		0.830000		0.810000
0.28_0.34_6.10e+00_7.32e-04_0.5__10			0.124110		0.578333		0.618333
0.28_0.34_6.10e+00_7.32e-04_9.7__194			0.159192		0.561667		0.560000
0.28_0.34_6.10e+00_7.32e-04_9.7__199			0.124768		0.653333		0.663333
0.28_0.34_6.10e+00_7.32e-04_13.2__263			0.066354		0.850000		0.826667
0.28_0.34_6.10e+00_7.32e-04_10.2__206			0.122216		0.576667		0.596667
0.28_0.34_6.10e+00_7.32e-04_14.7__298			0.053427		0.860000		0.826667
0.28_0.34_6.10e+00_7.32e-04_1.5__34			0.162468		0.558333		0.585000
0.28_0.34_6.10e+00_7.32e-04_10.7__217			0.121402		0.665000		0.700000
0.28_0.34_6.10e+00_7.32e-04_6.1__127			0.140519		0.586667		0.576667
0.28_0.34_6.10e+00_7.32e-04_8.1__166			0.131961		0.573333		0.595000
0.28_0.34_6.10e+00_7.32e-04_5.1__107			0.138467		0.588333		0.576667
0.28_0.34_6.10e+00_7.32e-04_10.2__207			0.126083		0.678333		0.700000
0.28_0.34_6.10e+00_7.32e-04_1.0__24			0.161268		0.556667		0.585000
0.28_0.34_6.10e+00_7.32e-04_11.2__225			0.102028		0.783333		0.748333
0.28_0.34_6.10e+00_7.32e-04_12.2__241			0.065933		0.803333		0.808333
0.28_0.34_6.10e+00_7.32e-04_1.5__37			0.134739		0.583333		0.570000
0.28_0.34_6.10e+00_7.32e-04_17.3__345			0.041763		0.945000		0.931667
0.28_0.34_6.10e+00_7.32e-04_1.0__25			0.178525		0.503333		0.533333
0.28_0.34_6.10e+00_7.32e-04_12.7__251			0.064459		0.805000		0.808333
0.28_0.34_6.10e+00_7.32e-04_18.3__364			0.024512		0.960000		0.961667
0.28_0.34_6.10e+00_7.32e-04_7.1__142			0.130797		0.641667		0.625000
0.28_0.34_6.10e+00_7.32e-04_1.0__27			0.135708		0.568333		0.565000
0.28_0.34_6.10e+00_7.32e-04_4.1__82			0.144554		0.510000		0.505000
0.28_0.34_6.10e+00_7.32e-04_3.6__72			0.155482		0.441667		0.420000
0.28_0.34_6.10e+00_7.32e-04_14.7__295			0.062826		0.875000		0.860000
0.28_0.34_6.10e+00_7.32e-04_13.2__261			0.058443		0.816667		0.818333
0.28_0.34_6.10e+00_7.32e-04_10.7__212			0.109724		0.706667		0.700000
0.28_0.34_6.10e+00_7.32e-04_9.2__189			0.132858		0.640000		0.648333
0.28_0.34_6.10e+00_7.32e-04_0.0__5			0.141355		0.653333		0.705000
0.28_0.34_6.10e+00_7.32e-04_3.1__64			0.192215		0.478333		0.460000
0.28_0.34_6.10e+00_7.32e-04_11.7__230			0.075477		0.815000		0.801667
0.28_0.34_6.10e+00_7.32e-04_27.5__542			0.025860		0.960000		0.970000
0.28_0.34_6.10e+00_7.32e-04_5.1__100			0.192667		0.326667		0.356667
0.28_0.34_6.10e+00_7.32e-04_4.6__93			0.179563		0.328333		0.328333
0.28_0.34_6.10e+00_7.32e-04_14.7__292			0.060130		0.858333		0.845000
0.28_0.34_6.10e+00_7.32e-04_10.2__205			0.126569		0.673333		0.700000
0.28_0.34_6.10e+00_7.32e-04_17.8__353			0.023899		0.958333		0.953333
0.28_0.34_6.10e+00_7.32e-04_9.2__188			0.136846		0.733333		0.705000
0.28_0.34_6.10e+00_7.32e-04_5.1__102			0.168838		0.425000		0.400000
0.28_0.34_6.10e+00_7.32e-04_21.4__428			0.020355		0.963333		0.970000
0.28_0.34_6.10e+00_7.32e-04_2.5__52			0.130227		0.590000		0.585000
0.28_0.34_6.10e+00_7.32e-04_6.6__138			0.141469		0.566667		0.545000
0.28_0.34_6.10e+00_7.32e-04_12.2__245			0.088100		0.801667		0.776667
0.28_0.34_6.10e+00_7.32e-04_3.6__70			0.192189		0.326667		0.356667
0.28_0.34_6.10e+00_7.32e-04_2.0__45			0.152058		0.523333		0.541667
0.28_0.34_6.10e+00_7.32e-04_6.6__132			0.131140		0.655000		0.638333
0.28_0.34_6.10e+00_7.32e-04_4.6__94			0.248403		0.345000		0.331667
0.28_0.34_6.10e+00_7.32e-04_8.1__164			0.183755		0.545000		0.545000
0.28_0.34_6.10e+00_7.32e-04_18.8__377			0.030854		0.960000		0.970000
0.28_0.34_6.10e+00_7.32e-04_5.6__112			0.143117		0.648333		0.615000
0.28_0.34_6.10e+00_7.32e-04_0.5__12			0.131224		0.670000		0.625000
0.28_0.34_6.10e+00_7.32e-04_6.6__137			0.141764		0.588333		0.578333
0.28_0.34_6.10e+00_7.32e-04_10.7__216			0.114961		0.576667		0.600000
0.28_0.34_6.10e+00_7.32e-04_3.1__62			0.136876		0.681667		0.648333
0.28_0.34_6.10e+00_7.32e-04_3.6__79			0.150070		0.628333		0.661667
0.28_0.34_6.10e+00_7.32e-04_3.6__71			0.158955		0.456667		0.433333
0.28_0.34_6.10e+00_7.32e-04_18.8__370			0.020169		0.975000		0.966667
0.28_0.34_6.10e+00_7.32e-04_9.2__185			0.144887		0.585000		0.590000
0.28_0.34_6.10e+00_7.32e-04_12.2__248			0.069743		0.758333		0.740000
0.28_0.34_6.10e+00_7.32e-04_7.6__157			0.142283		0.588333		0.578333
0.28_0.34_6.10e+00_7.32e-04_8.6__178			0.137636		0.720000		0.685000
0.28_0.34_6.10e+00_7.32e-04_1.0__22			0.129855		0.605000		0.583333
0.28_0.34_6.10e+00_7.32e-04_7.6__151			0.134304		0.603333		0.561667
0.28_0.34_6.10e+00_7.32e-04_4.6__91			0.172153		0.351667		0.315000
0.28_0.34_6.10e+00_7.32e-04_13.2__267			0.066342		0.855000		0.876667
0.28_0.34_6.10e+00_7.32e-04_10.2__200			0.120990		0.571667		0.608333
0.28_0.34_6.10e+00_7.32e-04_16.3__321			0.036236		0.926667		0.940000
0.28_0.34_6.10e+00_7.32e-04_6.6__134			0.189055		0.515000		0.521667
0.28_0.34_6.10e+00_7.32e-04_10.2__208			0.113803		0.680000		0.628333
0.28_0.34_6.10e+00_7.32e-04_6.1__123			0.142165		0.553333		0.535000
0.28_0.34_6.10e+00_7.32e-04_20.8__415			0.035303		0.946667		0.950000
0.28_0.34_6.10e+00_7.32e-04_4.1__81			0.169943		0.351667		0.315000
0.28_0.34_6.10e+00_7.32e-04_10.2__202			0.119800		0.716667		0.710000
0.28_0.34_6.10e+00_7.32e-04_1.5__33			0.131095		0.583333		0.563333
0.28_0.34_6.10e+00_7.32e-04_13.7__272			0.066016		0.853333		0.825000
0.28_0.34_6.10e+00_7.32e-04_24.4__484			0.019419		0.973333		0.976667
0.28_0.34_6.10e+00_7.32e-04_0.5__13			0.121388		0.578333		0.565000
0.28_0.34_6.10e+00_7.32e-04_9.7__197			0.128010		0.636667		0.675000
0.28_0.34_6.10e+00_7.32e-04_13.7__271			0.052779		0.853333		0.858333
0.28_0.34_6.10e+00_7.32e-04_17.8__354			0.026688		0.958333		0.960000
0.28_0.34_6.10e+00_7.32e-04_13.2__265			0.066681		0.856667		0.840000
0.28_0.34_6.10e+00_7.32e-04_3.6__78			0.189233		0.375000		0.336667
0.28_0.34_6.10e+00_7.32e-04_12.7__257			0.073566		0.823333		0.860000
0.28_0.34_6.10e+00_7.32e-04_2.0__42			0.139520		0.615000		0.585000
0.28_0.34_6.10e+00_7.32e-04_0.0__4			0.152868		0.566667		0.588333
0.28_0.34_6.10e+00_7.32e-04_4.6__90			0.192475		0.326667		0.356667
0.28_0.34_6.10e+00_7.32e-04_7.6__153			0.126082		0.571667		0.568333
0.28_0.34_6.10e+00_7.32e-04_0.0__1			0.115461		0.643333		0.623333
0.28_0.34_6.10e+00_7.32e-04_14.7__291			0.041446		0.898333		0.916667
0.28_0.34_6.10e+00_7.32e-04_2.0__40			0.137690		0.563333		0.595000
0.28_0.34_6.10e+00_7.32e-04_8.6__171			0.136055		0.638333		0.635000
0.28_0.34_6.10e+00_7.32e-04_11.7__233			0.087202		0.741667		0.730000
0.28_0.34_6.10e+00_7.32e-04_13.2__260			0.071519		0.825000		0.813333
0.28_0.34_6.10e+00_7.32e-04_8.6__172			0.130052		0.643333		0.615000
0.28_0.34_6.10e+00_7.32e-04_5.1__103			0.147266		0.535000		0.520000
0.28_0.34_6.10e+00_7.32e-04_21.4__423			0.018230		0.966667		0.956667
0.28_0.34_6.10e+00_7.32e-04_0.5__15			0.174289		0.520000		0.550000
0.28_0.34_6.10e+00_7.32e-04_3.1__69			0.136487		0.688333		0.696667
0.28_0.34_6.10e+00_7.32e-04_17.3__342			0.048284		0.911667		0.913333
0.28_0.34_6.10e+00_7.32e-04_5.1__106			0.170669		0.600000		0.603333
0.28_0.34_6.10e+00_7.32e-04_17.8__358			0.026979		0.951667		0.958333
0.28_0.34_6.10e+00_7.32e-04_5.6__118			0.191531		0.375000		0.336667
0.28_0.34_6.10e+00_7.32e-04_4.1__80			0.192423		0.326667		0.356667
0.28_0.34_6.10e+00_7.32e-04_9.2__181			0.132020		0.620000		0.616667
0.28_0.34_6.10e+00_7.32e-04_9.7__198			0.117122		0.675000		0.643333
0.28_0.34_6.10e+00_7.32e-04_27.5__549			0.029109		0.953333		0.950000
0.28_0.34_6.10e+00_7.32e-04_22.9__454			0.020490		0.970000		0.980000
0.28_0.34_6.10e+00_7.32e-04_2.0__43			0.138961		0.556667		0.541667
0.28_0.34_6.10e+00_7.32e-04_18.8__375			0.035469		0.960000		0.943333
0.28_0.34_6.10e+00_7.32e-04_4.1__87			0.174261		0.376667		0.360000
0.28_0.34_6.10e+00_7.32e-04_12.7__252			0.082443		0.818333		0.800000
0.28_0.34_6.10e+00_7.32e-04_17.8__356			0.038127		0.948333		0.948333
0.28_0.34_6.10e+00_7.32e-04_6.1__125			0.146249		0.568333		0.580000
0.28_0.34_6.10e+00_7.32e-04_22.9__459			0.029146		0.953333		0.955000
0.28_0.34_6.10e+00_7.32e-04_0.5__11			0.137329		0.645000		0.648333
0.28_0.34_6.10e+00_7.32e-04_5.6__110			0.192365		0.326667		0.356667
0.28_0.34_6.10e+00_7.32e-04_9.2__186			0.127286		0.595000		0.606667
0.28_0.34_6.10e+00_7.32e-04_7.1__140			0.136501		0.570000		0.611667
0.28_0.34_6.10e+00_7.32e-04_0.0__7			0.120708		0.648333		0.643333
0.28_0.34_6.10e+00_7.32e-04_6.6__139			0.136556		0.605000		0.630000
0.28_0.34_6.10e+00_7.32e-04_5.1__101			0.171296		0.351667		0.315000
0.28_0.34_6.10e+00_7.32e-04_5.1__108			0.191517		0.393333		0.355000
0.28_0.34_6.10e+00_7.32e-04_0.0__0			0.126424		0.598333		0.626667
0.28_0.34_6.10e+00_7.32e-04_16.8__332			0.055833		0.906667		0.898333
0.28_0.34_6.10e+00_7.32e-04_7.6__155			0.151144		0.578333		0.586667
0.28_0.34_6.10e+00_7.32e-04_0.0__2			0.121609		0.705000		0.685000
0.28_0.34_6.10e+00_7.32e-04_8.1__168			0.138151		0.715000		0.668333
0.28_0.34_6.10e+00_7.32e-04_3.6__74			0.224322		0.345000		0.331667
0.28_0.34_6.10e+00_7.32e-04_4.1__84			0.240464		0.345000		0.331667
0.28_0.34_6.10e+00_7.32e-04_5.6__115			0.158085		0.556667		0.566667
0.28_0.34_6.10e+00_7.32e-04_14.7__293			0.060266		0.861667		0.831667
0.28_0.34_6.10e+00_7.32e-04_11.7__234			0.092571		0.790000		0.808333
0.28_0.34_6.10e+00_7.32e-04_0.5__18			0.131853		0.696667		0.671667
0.28_0.34_6.10e+00_7.32e-04_18.8__376			0.030994		0.948333		0.956667
0.28_0.34_6.10e+00_7.32e-04_21.4__420			0.017698		0.980000		0.968333
0.28_0.34_6.10e+00_7.32e-04_5.6__117			0.138792		0.585000		0.575000
0.28_0.34_6.10e+00_7.32e-04_8.6__175			0.145798		0.585000		0.590000
0.28_0.34_6.10e+00_7.32e-04_7.1__145			0.151022		0.578333		0.586667
0.28_0.34_6.10e+00_7.32e-04_12.7__255			0.086943		0.825000		0.801667
0.28_0.34_6.10e+00_7.32e-04_5.1__109			0.156958		0.611667		0.633333
0.28_0.34_6.10e+00_7.32e-04_8.1__165			0.145320		0.583333		0.595000
0.28_0.34_6.10e+00_7.32e-04_5.1__104			0.247694		0.345000		0.331667
0.28_0.34_6.10e+00_7.32e-04_1.5__35			0.175678		0.523333		0.548333
0.28_0.34_6.10e+00_7.32e-04_3.1__61			0.142142		0.600000		0.591667
0.28_0.34_6.10e+00_7.32e-04_17.3__340			0.026806		0.965000		0.960000
0.28_0.34_6.10e+00_7.32e-04_12.7__259			0.084823		0.776667		0.768333
0.28_0.34_6.10e+00_7.32e-04_4.1__83			0.170025		0.383333		0.371667
0.28_0.34_6.10e+00_7.32e-04_4.6__98			0.191206		0.375000		0.336667
0.28_0.34_6.10e+00_7.32e-04_7.6__158			0.138279		0.713333		0.666667
0.28_0.34_6.10e+00_7.32e-04_7.1__144			0.187482		0.525000		0.525000
0.28_0.34_6.10e+00_7.32e-04_7.1__143			0.127397		0.573333		0.568333
0.28_0.34_6.10e+00_7.32e-04_0.0__3			0.114214		0.575000		0.576667
0.28_0.34_6.10e+00_7.32e-04_2.0__49			0.130518		0.640000		0.670000
0.28_0.34_6.10e+00_7.32e-04_14.2__282			0.063015		0.858333		0.828333
0.28_0.34_6.10e+00_7.32e-04_9.2__187			0.140766		0.585000		0.581667
0.28_0.34_6.10e+00_7.32e-04_4.1__89			0.185039		0.326667		0.313333
0.28_0.34_6.10e+00_7.32e-04_11.2__223			0.095624		0.741667		0.725000
0.28_0.34_6.10e+00_7.32e-04_7.6__152			0.130677		0.646667		0.623333
0.28_0.34_6.10e+00_7.32e-04_0.0__9			0.116176		0.686667		0.693333
0.28_0.34_6.10e+00_7.32e-04_3.6__76			0.135545		0.620000		0.620000
0.28_0.34_6.10e+00_7.32e-04_6.1__121			0.137221		0.600000		0.563333
0.28_0.34_6.10e+00_7.32e-04_2.0__41			0.138874		0.571667		0.578333
0.28_0.34_6.10e+00_7.32e-04_3.1__65			0.152554		0.535000		0.558333
0.28_0.34_6.10e+00_7.32e-04_3.1__66			0.141661		0.601667		0.606667
0.28_0.34_6.10e+00_7.32e-04_5.6__113			0.143586		0.553333		0.533333
0.28_0.34_6.10e+00_7.32e-04_25.9__518			0.020409		0.965000		0.971667
0.28_0.34_6.10e+00_7.32e-04_16.8__337			0.049421		0.941667		0.950000
0.28_0.34_6.10e+00_7.32e-04_7.1__146			0.129900		0.608333		0.615000
0.28_0.34_6.10e+00_7.32e-04_3.6__75			0.153537		0.543333		0.556667
0.28_0.34_6.10e+00_7.32e-04_2.5__53			0.135213		0.566667		0.556667
0.28_0.34_6.10e+00_7.32e-04_19.3__388			0.023303		0.955000		0.966667
0.28_0.34_6.10e+00_7.32e-04_4.6__99			0.163667		0.553333		0.548333
0.28_0.34_6.10e+00_7.32e-04_0.5__19			0.129395		0.686667		0.713333
0.28_0.34_6.10e+00_7.32e-04_9.7__192			0.122683		0.705000		0.695000
