id			last val		val acc		test acc
0.28_0.34_6.10e+00_7.32e-04_17.0__335			0.153962		0.516667		0.550000
0.28_0.34_6.10e+00_7.32e-04_7.0__130			0.139701		0.575000		0.605000
0.28_0.34_6.10e+00_7.32e-04_14.5__287			0.161391		0.550000		0.553333
0.28_0.34_6.10e+00_7.32e-04_1.0__17			0.020134		0.978333		0.983333
0.28_0.34_6.10e+00_7.32e-04_16.0__311			0.166465		0.413333		0.393333
0.28_0.34_6.10e+00_7.32e-04_2.0__38			0.016292		0.970000		0.975000
0.28_0.34_6.10e+00_7.32e-04_12.5__246			0.162635		0.575000		0.593333
0.28_0.34_6.10e+00_7.32e-04_16.0__310			0.175695		0.553333		0.583333
0.28_0.34_6.10e+00_7.32e-04_19.5__387			0.143313		0.595000		0.570000
0.28_0.34_6.10e+00_7.32e-04_1.0__15			0.030350		0.960000		0.950000
0.28_0.34_6.10e+00_7.32e-04_15.5__306			0.159380		0.598333		0.615000
0.28_0.34_6.10e+00_7.32e-04_9.0__171			0.175165		0.351667		0.315000
0.28_0.34_6.10e+00_7.32e-04_12.0__237			0.176512		0.365000		0.343333
0.28_0.34_6.10e+00_7.32e-04_3.0__56			0.047716		0.896667		0.920000
0.28_0.34_6.10e+00_7.32e-04_16.5__327			0.166335		0.581667		0.590000
0.28_0.34_6.10e+00_7.32e-04_17.0__330			0.180361		0.570000		0.611667
0.28_0.34_6.10e+00_7.32e-04_6.0__118			0.139791		0.623333		0.603333
0.28_0.34_6.10e+00_7.32e-04_10.5__207			0.172147		0.446667		0.411667
0.28_0.34_6.10e+00_7.32e-04_1.5__20			0.015418		0.976667		0.970000
0.28_0.34_6.10e+00_7.32e-04_20.5__408			0.140882		0.598333		0.576667
0.28_0.34_6.10e+00_7.32e-04_0.5__2			0.027967		0.966667		0.973333
0.28_0.34_6.10e+00_7.32e-04_4.5__87			0.124845		0.621667		0.660000
0.28_0.34_6.10e+00_7.32e-04_14.5__280			0.175411		0.571667		0.611667
0.28_0.34_6.10e+00_7.32e-04_1.5__29			0.024777		0.951667		0.956667
0.28_0.34_6.10e+00_7.32e-04_20.0__390			0.142841		0.571667		0.613333
0.28_0.34_6.10e+00_7.32e-04_13.0__258			0.163373		0.428333		0.400000
0.28_0.34_6.10e+00_7.32e-04_3.5__62			0.067203		0.850000		0.826667
0.28_0.34_6.10e+00_7.32e-04_13.0__250			0.182616		0.565000		0.610000
0.28_0.34_6.10e+00_7.32e-04_7.0__133			0.127230		0.563333		0.556667
0.28_0.34_6.10e+00_7.32e-04_22.0__435			0.153170		0.535000		0.555000
0.28_0.34_6.10e+00_7.32e-04_5.5__103			0.127648		0.568333		0.558333
0.28_0.34_6.10e+00_7.32e-04_5.0__97			0.134773		0.663333		0.708333
0.28_0.34_6.10e+00_7.32e-04_1.5__27			0.021180		0.978333		0.976667
0.28_0.34_6.10e+00_7.32e-04_19.5__381			0.140705		0.566667		0.575000
0.28_0.34_6.10e+00_7.32e-04_14.5__283			0.158391		0.478333		0.465000
0.28_0.34_6.10e+00_7.32e-04_15.5__307			0.165516		0.560000		0.570000
0.28_0.34_6.10e+00_7.32e-04_11.5__224			0.243799		0.345000		0.331667
0.28_0.34_6.10e+00_7.32e-04_6.5__124			0.189151		0.518333		0.523333
0.28_0.34_6.10e+00_7.32e-04_4.0__76			0.066737		0.800000		0.811667
0.28_0.34_6.10e+00_7.32e-04_10.5__204			0.242770		0.345000		0.331667
0.28_0.34_6.10e+00_7.32e-04_15.5__309			0.141088		0.590000		0.635000
0.28_0.34_6.10e+00_7.32e-04_6.5__126			0.132697		0.618333		0.620000
0.28_0.34_6.10e+00_7.32e-04_16.5__323			0.152763		0.505000		0.486667
0.28_0.34_6.10e+00_7.32e-04_7.5__143			0.184818		0.330000		0.330000
0.28_0.34_6.10e+00_7.32e-04_23.0__457			0.171952		0.443333		0.440000
0.28_0.34_6.10e+00_7.32e-04_1.5__23			0.015647		0.980000		0.970000
0.28_0.34_6.10e+00_7.32e-04_20.0__399			0.136236		0.663333		0.693333
0.28_0.34_6.10e+00_7.32e-04_23.0__454			0.173899		0.563333		0.588333
0.28_0.34_6.10e+00_7.32e-04_11.5__228			0.190444		0.451667		0.431667
0.28_0.34_6.10e+00_7.32e-04_8.5__168			0.194330		0.375000		0.336667
0.28_0.34_6.10e+00_7.32e-04_17.5__341			0.168368		0.391667		0.375000
0.28_0.34_6.10e+00_7.32e-04_3.5__64			0.079558		0.845000		0.873333
0.28_0.34_6.10e+00_7.32e-04_8.0__156			0.149704		0.610000		0.623333
0.28_0.34_6.10e+00_7.32e-04_15.5__302			0.172134		0.368333		0.355000
0.28_0.34_6.10e+00_7.32e-04_14.5__289			0.144675		0.576667		0.613333
0.28_0.34_6.10e+00_7.32e-04_13.5__260			0.181133		0.566667		0.608333
0.28_0.34_6.10e+00_7.32e-04_0.5__5			0.030795		0.956667		0.946667
0.28_0.34_6.10e+00_7.32e-04_4.5__84			0.134546		0.551667		0.550000
0.28_0.34_6.10e+00_7.32e-04_5.0__98			0.118698		0.648333		0.603333
0.28_0.34_6.10e+00_7.32e-04_5.5__101			0.134414		0.623333		0.610000
0.28_0.34_6.10e+00_7.32e-04_11.5__226			0.168174		0.608333		0.620000
0.28_0.34_6.10e+00_7.32e-04_8.0__157			0.143826		0.545000		0.533333
0.28_0.34_6.10e+00_7.32e-04_11.0__217			0.168498		0.501667		0.461667
0.28_0.34_6.10e+00_7.32e-04_21.5__426			0.151392		0.585000		0.601667
0.28_0.34_6.10e+00_7.32e-04_4.5__80			0.087041		0.791667		0.788333
0.28_0.34_6.10e+00_7.32e-04_4.0__77			0.089892		0.783333		0.805000
0.28_0.34_6.10e+00_7.32e-04_2.5__46			0.030018		0.956667		0.950000
0.28_0.34_6.10e+00_7.32e-04_9.0__179			0.180546		0.426667		0.455000
0.28_0.34_6.10e+00_7.32e-04_3.5__63			0.063791		0.853333		0.821667
0.28_0.34_6.10e+00_7.32e-04_13.0__257			0.149482		0.533333		0.525000
0.28_0.34_6.10e+00_7.32e-04_9.0__178			0.194634		0.375000		0.336667
0.28_0.34_6.10e+00_7.32e-04_10.0__192			0.146449		0.461667		0.440000
0.28_0.34_6.10e+00_7.32e-04_11.0__215			0.165960		0.563333		0.573333
0.28_0.34_6.10e+00_7.32e-04_14.5__284			0.217346		0.351667		0.338333
0.28_0.34_6.10e+00_7.32e-04_9.5__185			0.149036		0.546667		0.560000
0.28_0.34_6.10e+00_7.32e-04_15.0__292			0.169986		0.373333		0.358333
0.28_0.34_6.10e+00_7.32e-04_1.5__22			0.026336		0.968333		0.978333
0.28_0.34_6.10e+00_7.32e-04_5.5__104			0.185910		0.538333		0.535000
0.28_0.34_6.10e+00_7.32e-04_2.5__44			0.023018		0.965000		0.975000
0.28_0.34_6.10e+00_7.32e-04_13.5__268			0.167992		0.425000		0.376667
0.28_0.34_6.10e+00_7.32e-04_13.5__267			0.146691		0.531667		0.530000
0.28_0.34_6.10e+00_7.32e-04_2.5__49			0.038104		0.950000		0.948333
0.28_0.34_6.10e+00_7.32e-04_13.0__253			0.154189		0.511667		0.498333
0.28_0.34_6.10e+00_7.32e-04_9.5__181			0.175475		0.351667		0.315000
0.28_0.34_6.10e+00_7.32e-04_3.0__51			0.038575		0.936667		0.943333
0.28_0.34_6.10e+00_7.32e-04_21.5__420			0.145325		0.565000		0.603333
0.28_0.34_6.10e+00_7.32e-04_15.5__308			0.144668		0.646667		0.618333
0.28_0.34_6.10e+00_7.32e-04_23.0__458			0.143462		0.511667		0.478333
0.28_0.34_6.10e+00_7.32e-04_20.0__397			0.150008		0.530000		0.538333
0.28_0.34_6.10e+00_7.32e-04_17.5__346			0.165293		0.616667		0.616667
0.28_0.34_6.10e+00_7.32e-04_3.5__61			0.052222		0.856667		0.861667
0.28_0.34_6.10e+00_7.32e-04_8.0__159			0.150999		0.628333		0.651667
0.28_0.34_6.10e+00_7.32e-04_21.0__413			0.146098		0.540000		0.521667
0.28_0.34_6.10e+00_7.32e-04_16.5__320			0.179459		0.568333		0.608333
0.28_0.34_6.10e+00_7.32e-04_16.5__328			0.145647		0.641667		0.610000
0.28_0.34_6.10e+00_7.32e-04_15.0__297			0.164302		0.570000		0.571667
0.28_0.34_6.10e+00_7.32e-04_16.0__316			0.160338		0.596667		0.613333
0.28_0.34_6.10e+00_7.32e-04_21.0__412			0.136609		0.658333		0.645000
0.28_0.34_6.10e+00_7.32e-04_4.0__78			0.070435		0.756667		0.736667
0.28_0.34_6.10e+00_7.32e-04_7.0__134			0.188820		0.521667		0.523333
0.28_0.34_6.10e+00_7.32e-04_12.0__235			0.166283		0.561667		0.571667
0.28_0.34_6.10e+00_7.32e-04_12.5__248			0.191432		0.403333		0.368333
0.28_0.34_6.10e+00_7.32e-04_6.5__120			0.139684		0.576667		0.616667
0.28_0.34_6.10e+00_7.32e-04_15.5__301			0.167747		0.375000		0.343333
0.28_0.34_6.10e+00_7.32e-04_5.0__96			0.124712		0.603333		0.608333
0.28_0.34_6.10e+00_7.32e-04_0.5__9			0.025887		0.950000		0.958333
0.28_0.34_6.10e+00_7.32e-04_21.0__419			0.136396		0.661667		0.688333
0.28_0.34_6.10e+00_7.32e-04_12.0__231			0.159240		0.510000		0.500000
0.28_0.34_6.10e+00_7.32e-04_17.5__343			0.154973		0.500000		0.478333
0.28_0.34_6.10e+00_7.32e-04_4.0__75			0.099600		0.801667		0.780000
0.28_0.34_6.10e+00_7.32e-04_12.5__240			0.182898		0.566667		0.615000
0.28_0.34_6.10e+00_7.32e-04_18.5__360			0.146078		0.551667		0.581667
0.28_0.34_6.10e+00_7.32e-04_17.5__348			0.153006		0.533333		0.503333
0.28_0.34_6.10e+00_7.32e-04_15.0__296			0.174370		0.620000		0.616667
0.28_0.34_6.10e+00_7.32e-04_0.5__0			0.014721		0.980000		0.970000
0.28_0.34_6.10e+00_7.32e-04_16.0__319			0.136700		0.608333		0.656667
0.28_0.34_6.10e+00_7.32e-04_11.0__214			0.243451		0.345000		0.331667
0.28_0.34_6.10e+00_7.32e-04_18.0__351			0.159500		0.465000		0.450000
0.28_0.34_6.10e+00_7.32e-04_17.0__336			0.143800		0.586667		0.605000
0.28_0.34_6.10e+00_7.32e-04_4.0__71			0.067553		0.803333		0.810000
0.28_0.34_6.10e+00_7.32e-04_19.0__373			0.142565		0.553333		0.535000
0.28_0.34_6.10e+00_7.32e-04_2.0__34			0.020004		0.978333		0.986667
0.28_0.34_6.10e+00_7.32e-04_19.0__376			0.147017		0.585000		0.601667
0.28_0.34_6.10e+00_7.32e-04_9.5__182			0.139509		0.633333		0.601667
0.28_0.34_6.10e+00_7.32e-04_6.0__110			0.140368		0.576667		0.611667
0.28_0.34_6.10e+00_7.32e-04_3.0__50			0.040354		0.936667		0.915000
0.28_0.34_6.10e+00_7.32e-04_5.0__95			0.128673		0.646667		0.653333
0.28_0.34_6.10e+00_7.32e-04_12.0__236			0.165238		0.620000		0.616667
0.28_0.34_6.10e+00_7.32e-04_12.0__239			0.167134		0.546667		0.558333
0.28_0.34_6.10e+00_7.32e-04_11.5__220			0.188112		0.326667		0.356667
0.28_0.34_6.10e+00_7.32e-04_21.5__429			0.136445		0.661667		0.688333
0.28_0.34_6.10e+00_7.32e-04_8.5__165			0.153274		0.538333		0.558333
0.28_0.34_6.10e+00_7.32e-04_3.0__52			0.058062		0.868333		0.853333
0.28_0.34_6.10e+00_7.32e-04_5.0__94			0.155354		0.533333		0.530000
0.28_0.34_6.10e+00_7.32e-04_18.0__356			0.150815		0.588333		0.610000
0.28_0.34_6.10e+00_7.32e-04_12.5__241			0.154738		0.570000		0.548333
0.28_0.34_6.10e+00_7.32e-04_12.5__245			0.167160		0.565000		0.573333
0.28_0.34_6.10e+00_7.32e-04_6.0__114			0.188857		0.518333		0.523333
0.28_0.34_6.10e+00_7.32e-04_22.0__433			0.138786		0.560000		0.550000
0.28_0.34_6.10e+00_7.32e-04_13.0__255			0.156315		0.546667		0.560000
0.28_0.34_6.10e+00_7.32e-04_7.5__140			0.194176		0.326667		0.356667
0.28_0.34_6.10e+00_7.32e-04_9.5__187			0.166645		0.508333		0.466667
0.28_0.34_6.10e+00_7.32e-04_10.5__209			0.163507		0.538333		0.560000
0.28_0.34_6.10e+00_7.32e-04_23.0__452			0.135618		0.606667		0.580000
0.28_0.34_6.10e+00_7.32e-04_12.5__243			0.171037		0.405000		0.391667
0.28_0.34_6.10e+00_7.32e-04_3.5__65			0.065925		0.866667		0.843333
0.28_0.34_6.10e+00_7.32e-04_1.5__24			0.019479		0.968333		0.978333
0.28_0.34_6.10e+00_7.32e-04_0.5__1			0.014505		0.975000		0.978333
0.28_0.34_6.10e+00_7.32e-04_6.5__123			0.129090		0.568333		0.561667
0.28_0.34_6.10e+00_7.32e-04_7.0__138			0.138257		0.706667		0.655000
0.28_0.34_6.10e+00_7.32e-04_19.5__383			0.142902		0.553333		0.535000
0.28_0.34_6.10e+00_7.32e-04_19.5__388			0.140124		0.690000		0.656667
0.28_0.34_6.10e+00_7.32e-04_20.5__409			0.136382		0.661667		0.686667
0.28_0.34_6.10e+00_7.32e-04_10.5__205			0.168106		0.561667		0.570000
0.28_0.34_6.10e+00_7.32e-04_5.5__108			0.136721		0.695000		0.661667
0.28_0.34_6.10e+00_7.32e-04_20.5__405			0.154301		0.518333		0.551667
0.28_0.34_6.10e+00_7.32e-04_1.0__12			0.028052		0.966667		0.973333
0.28_0.34_6.10e+00_7.32e-04_21.0__410			0.140654		0.568333		0.610000
0.28_0.34_6.10e+00_7.32e-04_4.5__85			0.102552		0.791667		0.758333
0.28_0.34_6.10e+00_7.32e-04_19.0__372			0.134558		0.606667		0.598333
0.28_0.34_6.10e+00_7.32e-04_8.0__158			0.188206		0.375000		0.336667
0.28_0.34_6.10e+00_7.32e-04_14.5__286			0.163835		0.610000		0.616667
0.28_0.34_6.10e+00_7.32e-04_5.5__109			0.122879		0.691667		0.695000
0.28_0.34_6.10e+00_7.32e-04_13.0__252			0.165264		0.490000		0.466667
0.28_0.34_6.10e+00_7.32e-04_2.5__47			0.029364		0.970000		0.965000
0.28_0.34_6.10e+00_7.32e-04_17.0__331			0.166628		0.455000		0.443333
0.28_0.34_6.10e+00_7.32e-04_11.0__212			0.155844		0.453333		0.431667
0.28_0.34_6.10e+00_7.32e-04_22.0__430			0.165655		0.576667		0.611667
0.28_0.34_6.10e+00_7.32e-04_9.5__184			0.249348		0.345000		0.331667
0.28_0.34_6.10e+00_7.32e-04_2.5__48			0.024792		0.951667		0.956667
0.28_0.34_6.10e+00_7.32e-04_12.0__238			0.190956		0.428333		0.401667
0.28_0.34_6.10e+00_7.32e-04_4.0__70			0.074784		0.806667		0.803333
0.28_0.34_6.10e+00_7.32e-04_1.5__26			0.022382		0.961667		0.961667
0.28_0.34_6.10e+00_7.32e-04_9.0__176			0.180675		0.475000		0.485000
0.28_0.34_6.10e+00_7.32e-04_4.5__86			0.102326		0.731667		0.695000
0.28_0.34_6.10e+00_7.32e-04_15.0__299			0.138106		0.656667		0.675000
0.28_0.34_6.10e+00_7.32e-04_22.5__441			0.136959		0.540000		0.553333
0.28_0.34_6.10e+00_7.32e-04_18.0__359			0.133445		0.600000		0.641667
0.28_0.34_6.10e+00_7.32e-04_9.5__183			0.185334		0.328333		0.328333
0.28_0.34_6.10e+00_7.32e-04_9.0__177			0.164530		0.506667		0.480000
0.28_0.34_6.10e+00_7.32e-04_17.0__339			0.135842		0.591667		0.635000
0.28_0.34_6.10e+00_7.32e-04_22.0__431			0.138387		0.570000		0.565000
0.28_0.34_6.10e+00_7.32e-04_7.5__145			0.153968		0.540000		0.558333
0.28_0.34_6.10e+00_7.32e-04_12.5__244			0.241920		0.345000		0.331667
0.28_0.34_6.10e+00_7.32e-04_1.0__14			0.019728		0.971667		0.980000
0.28_0.34_6.10e+00_7.32e-04_14.0__275			0.171526		0.570000		0.575000
0.28_0.34_6.10e+00_7.32e-04_19.0__378			0.137896		0.666667		0.641667
0.28_0.34_6.10e+00_7.32e-04_8.5__161			0.174842		0.351667		0.315000
0.28_0.34_6.10e+00_7.32e-04_19.5__380			0.143787		0.570000		0.616667
0.28_0.34_6.10e+00_7.32e-04_10.5__203			0.168375		0.423333		0.408333
0.28_0.34_6.10e+00_7.32e-04_8.0__150			0.194375		0.326667		0.356667
0.28_0.34_6.10e+00_7.32e-04_6.5__128			0.138234		0.701667		0.651667
0.28_0.34_6.10e+00_7.32e-04_15.0__298			0.143372		0.653333		0.628333
0.28_0.34_6.10e+00_7.32e-04_10.5__208			0.189558		0.375000		0.336667
0.28_0.34_6.10e+00_7.32e-04_4.0__74			0.096044		0.813333		0.818333
0.28_0.34_6.10e+00_7.32e-04_13.0__251			0.169258		0.353333		0.315000
0.28_0.34_6.10e+00_7.32e-04_16.5__324			0.181500		0.573333		0.575000
0.28_0.34_6.10e+00_7.32e-04_22.5__447			0.163462		0.605000		0.655000
0.28_0.34_6.10e+00_7.32e-04_20.0__395			0.155515		0.510000		0.546667
0.28_0.34_6.10e+00_7.32e-04_2.0__33			0.017247		0.968333		0.960000
0.28_0.34_6.10e+00_7.32e-04_1.5__21			0.014224		0.970000		0.976667
0.28_0.34_6.10e+00_7.32e-04_21.0__415			0.154336		0.513333		0.548333
0.28_0.34_6.10e+00_7.32e-04_20.0__398			0.137637		0.620000		0.588333
0.28_0.34_6.10e+00_7.32e-04_7.5__147			0.144276		0.545000		0.533333
0.28_0.34_6.10e+00_7.32e-04_16.0__317			0.166027		0.560000		0.568333
0.28_0.34_6.10e+00_7.32e-04_2.0__30			0.016097		0.978333		0.968333
0.28_0.34_6.10e+00_7.32e-04_14.5__281			0.168051		0.353333		0.318333
0.28_0.34_6.10e+00_7.32e-04_8.5__166			0.147350		0.611667		0.616667
0.28_0.34_6.10e+00_7.32e-04_7.5__148			0.187966		0.378333		0.340000
0.28_0.34_6.10e+00_7.32e-04_22.5__446			0.150984		0.588333		0.606667
0.28_0.34_6.10e+00_7.32e-04_14.5__285			0.169635		0.563333		0.576667
0.28_0.34_6.10e+00_7.32e-04_16.0__313			0.152330		0.506667		0.488333
0.28_0.34_6.10e+00_7.32e-04_1.0__10			0.014449		0.980000		0.971667
0.28_0.34_6.10e+00_7.32e-04_9.5__186			0.180881		0.470000		0.476667
0.28_0.34_6.10e+00_7.32e-04_7.0__137			0.142804		0.586667		0.576667
0.28_0.34_6.10e+00_7.32e-04_13.5__261			0.166847		0.445000		0.425000
0.28_0.34_6.10e+00_7.32e-04_16.0__315			0.170703		0.570000		0.578333
0.28_0.34_6.10e+00_7.32e-04_5.0__91			0.122616		0.561667		0.558333
0.28_0.34_6.10e+00_7.32e-04_1.0__11			0.014500		0.975000		0.978333
0.28_0.34_6.10e+00_7.32e-04_1.5__25			0.030560		0.960000		0.956667
0.28_0.34_6.10e+00_7.32e-04_9.0__175			0.156131		0.538333		0.560000
0.28_0.34_6.10e+00_7.32e-04_10.0__191			0.173549		0.351667		0.315000
0.28_0.34_6.10e+00_7.32e-04_11.0__213			0.171526		0.395000		0.376667
0.28_0.34_6.10e+00_7.32e-04_11.0__218			0.183795		0.381667		0.343333
0.28_0.34_6.10e+00_7.32e-04_22.5__444			0.211635		0.345000		0.333333
0.28_0.34_6.10e+00_7.32e-04_17.5__344			0.209983		0.395000		0.386667
0.28_0.34_6.10e+00_7.32e-04_9.0__170			0.194854		0.326667		0.356667
0.28_0.34_6.10e+00_7.32e-04_5.0__99			0.121726		0.680000		0.696667
0.28_0.34_6.10e+00_7.32e-04_19.5__386			0.149871		0.585000		0.601667
0.28_0.34_6.10e+00_7.32e-04_15.5__305			0.169836		0.556667		0.570000
0.28_0.34_6.10e+00_7.32e-04_3.5__66			0.063056		0.853333		0.876667
0.28_0.34_6.10e+00_7.32e-04_16.0__318			0.144551		0.651667		0.626667
0.28_0.34_6.10e+00_7.32e-04_20.0__391			0.139218		0.570000		0.543333
0.28_0.34_6.10e+00_7.32e-04_22.5__448			0.144677		0.515000		0.485000
0.28_0.34_6.10e+00_7.32e-04_20.5__400			0.141891		0.570000		0.610000
0.28_0.34_6.10e+00_7.32e-04_3.0__59			0.059766		0.896667		0.881667
0.28_0.34_6.10e+00_7.32e-04_9.5__180			0.194369		0.326667		0.356667
0.28_0.34_6.10e+00_7.32e-04_13.5__266			0.163420		0.596667		0.615000
0.28_0.34_6.10e+00_7.32e-04_3.5__67			0.064405		0.855000		0.875000
0.28_0.34_6.10e+00_7.32e-04_7.5__142			0.132646		0.666667		0.655000
0.28_0.34_6.10e+00_7.32e-04_19.0__370			0.149186		0.555000		0.593333
0.28_0.34_6.10e+00_7.32e-04_17.5__345			0.157499		0.510000		0.546667
0.28_0.34_6.10e+00_7.32e-04_5.0__90			0.138964		0.571667		0.615000
0.28_0.34_6.10e+00_7.32e-04_8.5__162			0.164361		0.458333		0.458333
0.28_0.34_6.10e+00_7.32e-04_4.5__83			0.090120		0.790000		0.796667
0.28_0.34_6.10e+00_7.32e-04_1.0__16			0.021934		0.961667		0.961667
0.28_0.34_6.10e+00_7.32e-04_10.5__200			0.182834		0.581667		0.625000
0.28_0.34_6.10e+00_7.32e-04_10.5__202			0.156787		0.475000		0.463333
0.28_0.34_6.10e+00_7.32e-04_10.5__206			0.182371		0.388333		0.385000
0.28_0.34_6.10e+00_7.32e-04_14.0__272			0.165515		0.495000		0.485000
0.28_0.34_6.10e+00_7.32e-04_2.0__32			0.029073		0.961667		0.970000
0.28_0.34_6.10e+00_7.32e-04_16.5__325			0.151551		0.525000		0.553333
0.28_0.34_6.10e+00_7.32e-04_2.5__45			0.038265		0.945000		0.933333
0.28_0.34_6.10e+00_7.32e-04_0.5__4			0.019683		0.971667		0.980000
0.28_0.34_6.10e+00_7.32e-04_4.0__72			0.083841		0.783333		0.770000
0.28_0.34_6.10e+00_7.32e-04_18.5__366			0.145854		0.588333		0.608333
0.28_0.34_6.10e+00_7.32e-04_10.0__190			0.194462		0.326667		0.356667
0.28_0.34_6.10e+00_7.32e-04_23.0__456			0.146253		0.586667		0.603333
0.28_0.34_6.10e+00_7.32e-04_12.5__249			0.138868		0.600000		0.638333
0.28_0.34_6.10e+00_7.32e-04_3.0__54			0.067600		0.876667		0.893333
0.28_0.34_6.10e+00_7.32e-04_2.5__40			0.020559		0.970000		0.961667
0.28_0.34_6.10e+00_7.32e-04_17.5__340			0.181085		0.570000		0.608333
0.28_0.34_6.10e+00_7.32e-04_15.0__295			0.170592		0.560000		0.576667
0.28_0.34_6.10e+00_7.32e-04_18.0__350			0.179300		0.555000		0.595000
0.28_0.34_6.10e+00_7.32e-04_18.5__365			0.155064		0.516667		0.548333
0.28_0.34_6.10e+00_7.32e-04_11.5__222			0.149381		0.551667		0.540000
0.28_0.34_6.10e+00_7.32e-04_9.0__174			0.250402		0.345000		0.331667
0.28_0.34_6.10e+00_7.32e-04_8.0__152			0.169204		0.398333		0.378333
0.28_0.34_6.10e+00_7.32e-04_4.5__82			0.127858		0.715000		0.726667
0.28_0.34_6.10e+00_7.32e-04_20.0__393			0.142840		0.553333		0.535000
0.28_0.34_6.10e+00_7.32e-04_17.0__337			0.146294		0.578333		0.580000
0.28_0.34_6.10e+00_7.32e-04_21.5__425			0.153350		0.518333		0.551667
0.28_0.34_6.10e+00_7.32e-04_17.0__338			0.150185		0.570000		0.558333
0.28_0.34_6.10e+00_7.32e-04_3.5__68			0.054894		0.841667		0.811667
0.28_0.34_6.10e+00_7.32e-04_0.5__3			0.015332		0.980000		0.973333
0.28_0.34_6.10e+00_7.32e-04_14.0__274			0.229837		0.345000		0.331667
0.28_0.34_6.10e+00_7.32e-04_16.5__329			0.137040		0.608333		0.645000
0.28_0.34_6.10e+00_7.32e-04_18.5__368			0.142134		0.570000		0.555000
0.28_0.34_6.10e+00_7.32e-04_16.0__312			0.152839		0.488333		0.460000
0.28_0.34_6.10e+00_7.32e-04_21.0__411			0.163737		0.498333		0.478333
0.28_0.34_6.10e+00_7.32e-04_24.0__471			0.139184		0.558333		0.586667
0.28_0.34_6.10e+00_7.32e-04_23.5__462			0.138053		0.653333		0.631667
0.28_0.34_6.10e+00_7.32e-04_17.5__347			0.148999		0.565000		0.548333
0.28_0.34_6.10e+00_7.32e-04_15.5__303			0.151146		0.506667		0.493333
0.28_0.34_6.10e+00_7.32e-04_24.0__477			0.134805		0.556667		0.560000
0.28_0.34_6.10e+00_7.32e-04_19.5__382			0.135849		0.608333		0.595000
0.28_0.34_6.10e+00_7.32e-04_10.0__194			0.244544		0.345000		0.331667
0.28_0.34_6.10e+00_7.32e-04_18.5__363			0.139984		0.555000		0.538333
0.28_0.34_6.10e+00_7.32e-04_22.5__440			0.166526		0.576667		0.611667
0.28_0.34_6.10e+00_7.32e-04_14.0__276			0.165739		0.616667		0.618333
0.28_0.34_6.10e+00_7.32e-04_22.0__432			0.135301		0.630000		0.598333
0.28_0.34_6.10e+00_7.32e-04_3.0__58			0.037472		0.935000		0.930000
0.28_0.34_6.10e+00_7.32e-04_15.5__304			0.203239		0.440000		0.423333
0.28_0.34_6.10e+00_7.32e-04_7.5__149			0.138743		0.668333		0.660000
0.28_0.34_6.10e+00_7.32e-04_24.5__481			0.138977		0.571667		0.590000
0.28_0.34_6.10e+00_7.32e-04_2.0__39			0.023844		0.961667		0.963333
0.28_0.34_6.10e+00_7.32e-04_23.0__451			0.140988		0.596667		0.631667
0.28_0.34_6.10e+00_7.32e-04_10.0__197			0.167369		0.503333		0.463333
0.28_0.34_6.10e+00_7.32e-04_2.0__36			0.024949		0.966667		0.965000
0.28_0.34_6.10e+00_7.32e-04_5.5__105			0.141626		0.590000		0.595000
0.28_0.34_6.10e+00_7.32e-04_6.0__113			0.128936		0.566667		0.563333
0.28_0.34_6.10e+00_7.32e-04_6.0__111			0.134943		0.600000		0.568333
0.28_0.34_6.10e+00_7.32e-04_22.5__449			0.136769		0.661667		0.688333
0.28_0.34_6.10e+00_7.32e-04_15.0__290			0.162716		0.566667		0.610000
0.28_0.34_6.10e+00_7.32e-04_2.0__35			0.030583		0.965000		0.953333
0.28_0.34_6.10e+00_7.32e-04_14.0__277			0.155996		0.528333		0.540000
0.28_0.34_6.10e+00_7.32e-04_14.5__288			0.140834		0.660000		0.633333
0.28_0.34_6.10e+00_7.32e-04_23.0__455			0.151904		0.553333		0.566667
0.28_0.34_6.10e+00_7.32e-04_19.0__377			0.156733		0.561667		0.581667
0.28_0.34_6.10e+00_7.32e-04_15.0__293			0.150458		0.515000		0.501667
0.28_0.34_6.10e+00_7.32e-04_23.5__467			0.168525		0.566667		0.588333
0.28_0.34_6.10e+00_7.32e-04_20.5__402			0.139036		0.615000		0.578333
0.28_0.34_6.10e+00_7.32e-04_13.0__254			0.237592		0.345000		0.331667
0.28_0.34_6.10e+00_7.32e-04_25.0__499			0.137325		0.665000		0.680000
0.28_0.34_6.10e+00_7.32e-04_7.0__135			0.153522		0.583333		0.593333
0.28_0.34_6.10e+00_7.32e-04_15.0__291			0.167420		0.398333		0.370000
0.28_0.34_6.10e+00_7.32e-04_2.5__42			0.046537		0.920000		0.928333
0.28_0.34_6.10e+00_7.32e-04_3.0__55			0.060040		0.893333		0.876667
0.28_0.34_6.10e+00_7.32e-04_3.0__53			0.053213		0.888333		0.868333
0.28_0.34_6.10e+00_7.32e-04_23.5__465			0.151190		0.553333		0.566667
0.28_0.34_6.10e+00_7.32e-04_22.5__443			0.140749		0.556667		0.540000
0.28_0.34_6.10e+00_7.32e-04_24.0__479			0.137069		0.661667		0.685000
0.28_0.34_6.10e+00_7.32e-04_19.0__371			0.137951		0.560000		0.553333
0.28_0.34_6.10e+00_7.32e-04_2.5__43			0.021756		0.961667		0.946667
0.28_0.34_6.10e+00_7.32e-04_24.0__470			0.139407		0.570000		0.608333
0.28_0.34_6.10e+00_7.32e-04_13.5__263			0.155524		0.486667		0.471667
0.28_0.34_6.10e+00_7.32e-04_4.5__81			0.108209		0.623333		0.588333
0.28_0.34_6.10e+00_7.32e-04_9.5__189			0.182452		0.453333		0.450000
0.28_0.34_6.10e+00_7.32e-04_19.0__379			0.135726		0.656667		0.695000
0.28_0.34_6.10e+00_7.32e-04_10.0__198			0.194580		0.375000		0.336667
0.28_0.34_6.10e+00_7.32e-04_3.0__57			0.059021		0.860000		0.875000
0.28_0.34_6.10e+00_7.32e-04_25.0__495			0.151108		0.541667		0.561667
0.28_0.34_6.10e+00_7.32e-04_10.0__193			0.170824		0.401667		0.386667
0.28_0.34_6.10e+00_7.32e-04_6.0__112			0.131159		0.661667		0.661667
0.28_0.34_6.10e+00_7.32e-04_6.0__117			0.144662		0.581667		0.571667
0.28_0.34_6.10e+00_7.32e-04_17.0__334			0.181801		0.568333		0.588333
0.28_0.34_6.10e+00_7.32e-04_0.5__7			0.020138		0.978333		0.983333
0.28_0.34_6.10e+00_7.32e-04_21.5__424			0.185140		0.533333		0.535000
0.28_0.34_6.10e+00_7.32e-04_6.5__122			0.131689		0.666667		0.658333
0.28_0.34_6.10e+00_7.32e-04_13.0__259			0.160289		0.505000		0.540000
0.28_0.34_6.10e+00_7.32e-04_21.0__416			0.151492		0.586667		0.601667
0.28_0.34_6.10e+00_7.32e-04_8.0__151			0.173858		0.351667		0.315000
0.28_0.34_6.10e+00_7.32e-04_23.0__450			0.140417		0.566667		0.603333
0.28_0.34_6.10e+00_7.32e-04_16.5__321			0.168825		0.366667		0.336667
0.28_0.34_6.10e+00_7.32e-04_14.0__273			0.155955		0.486667		0.473333
0.28_0.34_6.10e+00_7.32e-04_20.5__401			0.136647		0.543333		0.550000
0.28_0.34_6.10e+00_7.32e-04_25.0__493			0.135469		0.565000		0.555000
0.28_0.34_6.10e+00_7.32e-04_6.0__119			0.133697		0.615000		0.640000
0.28_0.34_6.10e+00_7.32e-04_24.5__488			0.145418		0.483333		0.430000
0.28_0.34_6.10e+00_7.32e-04_20.5__403			0.143251		0.553333		0.535000
0.28_0.34_6.10e+00_7.32e-04_23.5__460			0.140060		0.565000		0.605000
0.28_0.34_6.10e+00_7.32e-04_11.5__225			0.161003		0.560000		0.568333
0.28_0.34_6.10e+00_7.32e-04_9.0__173			0.183560		0.328333		0.328333
0.28_0.34_6.10e+00_7.32e-04_19.0__375			0.153754		0.520000		0.551667
0.28_0.34_6.10e+00_7.32e-04_11.0__216			0.170550		0.596667		0.618333
0.28_0.34_6.10e+00_7.32e-04_13.5__269			0.133894		0.666667		0.695000
0.28_0.34_6.10e+00_7.32e-04_12.0__232			0.153364		0.545000		0.555000
0.28_0.34_6.10e+00_7.32e-04_12.0__234			0.243670		0.345000		0.331667
0.28_0.34_6.10e+00_7.32e-04_20.0__392			0.138208		0.556667		0.600000
0.28_0.34_6.10e+00_7.32e-04_19.5__389			0.136124		0.663333		0.693333
0.28_0.34_6.10e+00_7.32e-04_17.0__332			0.149395		0.573333		0.563333
0.28_0.34_6.10e+00_7.32e-04_2.0__37			0.021764		0.980000		0.980000
0.28_0.34_6.10e+00_7.32e-04_12.5__242			0.161532		0.495000		0.490000
0.28_0.34_6.10e+00_7.32e-04_4.5__88			0.116522		0.651667		0.608333
0.28_0.34_6.10e+00_7.32e-04_7.0__139			0.137860		0.648333		0.655000
0.28_0.34_6.10e+00_7.32e-04_3.5__69			0.073515		0.800000		0.778333
0.28_0.34_6.10e+00_7.32e-04_11.5__221			0.166380		0.371667		0.338333
0.28_0.34_6.10e+00_7.32e-04_23.0__459			0.136938		0.656667		0.683333
0.28_0.34_6.10e+00_7.32e-04_19.0__374			0.188489		0.516667		0.516667
0.28_0.34_6.10e+00_7.32e-04_9.5__188			0.194722		0.375000		0.336667
0.28_0.34_6.10e+00_7.32e-04_1.5__28			0.017520		0.965000		0.976667
0.28_0.34_6.10e+00_7.32e-04_17.5__342			0.148791		0.625000		0.603333
0.28_0.34_6.10e+00_7.32e-04_8.0__153			0.178707		0.345000		0.340000
0.28_0.34_6.10e+00_7.32e-04_21.0__414			0.198798		0.466667		0.451667
0.28_0.34_6.10e+00_7.32e-04_5.0__92			0.122632		0.698333		0.675000
0.28_0.34_6.10e+00_7.32e-04_8.5__169			0.176710		0.430000		0.458333
0.28_0.34_6.10e+00_7.32e-04_14.0__270			0.191554		0.326667		0.356667
0.28_0.34_6.10e+00_7.32e-04_22.0__434			0.181272		0.560000		0.568333
0.28_0.34_6.10e+00_7.32e-04_8.5__160			0.194729		0.326667		0.356667
0.28_0.34_6.10e+00_7.32e-04_20.0__396			0.150699		0.586667		0.603333
0.28_0.34_6.10e+00_7.32e-04_22.0__437			0.142805		0.576667		0.570000
0.28_0.34_6.10e+00_7.32e-04_11.0__211			0.165706		0.378333		0.356667
0.28_0.34_6.10e+00_7.32e-04_7.5__144			0.188039		0.523333		0.525000
0.28_0.34_6.10e+00_7.32e-04_18.0__354			0.214309		0.365000		0.358333
0.28_0.34_6.10e+00_7.32e-04_22.5__445			0.151558		0.525000		0.553333
0.28_0.34_6.10e+00_7.32e-04_10.5__201			0.167000		0.363333		0.326667
0.28_0.34_6.10e+00_7.32e-04_5.5__106			0.128771		0.583333		0.603333
0.28_0.34_6.10e+00_7.32e-04_1.0__19			0.026297		0.951667		0.958333
0.28_0.34_6.10e+00_7.32e-04_25.0__494			0.190859		0.491667		0.488333
0.28_0.34_6.10e+00_7.32e-04_18.5__364			0.214071		0.365000		0.360000
0.28_0.34_6.10e+00_7.32e-04_23.5__461			0.136427		0.545000		0.556667
0.28_0.34_6.10e+00_7.32e-04_8.5__163			0.181486		0.328333		0.328333
0.28_0.34_6.10e+00_7.32e-04_24.5__480			0.139457		0.570000		0.608333
0.28_0.34_6.10e+00_7.32e-04_7.0__132			0.132690		0.690000		0.661667
0.28_0.34_6.10e+00_7.32e-04_24.0__475			0.151082		0.546667		0.563333
0.28_0.34_6.10e+00_7.32e-04_6.0__116			0.130903		0.618333		0.621667
0.28_0.34_6.10e+00_7.32e-04_21.5__421			0.139903		0.563333		0.556667
0.28_0.34_6.10e+00_7.32e-04_21.5__422			0.136375		0.655000		0.643333
0.28_0.34_6.10e+00_7.32e-04_20.0__394			0.212861		0.376667		0.370000
0.28_0.34_6.10e+00_7.32e-04_13.5__262			0.166825		0.453333		0.438333
0.28_0.34_6.10e+00_7.32e-04_13.0__256			0.170206		0.598333		0.615000
0.28_0.34_6.10e+00_7.32e-04_17.5__349			0.133864		0.601667		0.641667
0.28_0.34_6.10e+00_7.32e-04_18.5__367			0.153325		0.596667		0.600000
0.28_0.34_6.10e+00_7.32e-04_1.0__13			0.015331		0.980000		0.973333
0.28_0.34_6.10e+00_7.32e-04_22.5__442			0.135261		0.606667		0.563333
0.28_0.34_6.10e+00_7.32e-04_11.0__219			0.148513		0.568333		0.596667
0.28_0.34_6.10e+00_7.32e-04_11.5__223			0.168297		0.428333		0.416667
0.28_0.34_6.10e+00_7.32e-04_20.5__404			0.193866		0.490000		0.488333
0.28_0.34_6.10e+00_7.32e-04_3.5__60			0.060371		0.878333		0.856667
0.28_0.34_6.10e+00_7.32e-04_19.5__384			0.213345		0.371667		0.363333
0.28_0.34_6.10e+00_7.32e-04_0.5__6			0.021928		0.961667		0.961667
0.28_0.34_6.10e+00_7.32e-04_11.0__210			0.184013		0.578333		0.623333
0.28_0.34_6.10e+00_7.32e-04_17.0__333			0.152918		0.505000		0.486667
0.28_0.34_6.10e+00_7.32e-04_24.5__487			0.161063		0.625000		0.655000
0.28_0.34_6.10e+00_7.32e-04_24.0__474			0.187003		0.516667		0.513333
0.28_0.34_6.10e+00_7.32e-04_11.5__229			0.150147		0.548333		0.596667
0.28_0.34_6.10e+00_7.32e-04_10.0__199			0.152978		0.505000		0.530000
0.28_0.34_6.10e+00_7.32e-04_20.5__406			0.151799		0.583333		0.601667
0.28_0.34_6.10e+00_7.32e-04_13.5__264			0.233444		0.345000		0.331667
0.28_0.34_6.10e+00_7.32e-04_25.0__498			0.147455		0.478333		0.428333
0.28_0.34_6.10e+00_7.32e-04_7.5__146			0.144971		0.616667		0.620000
0.28_0.34_6.10e+00_7.32e-04_12.0__233			0.172857		0.385000		0.370000
0.28_0.34_6.10e+00_7.32e-04_6.5__125			0.150711		0.585000		0.591667
0.28_0.34_6.10e+00_7.32e-04_4.0__79			0.084102		0.780000		0.758333
0.28_0.34_6.10e+00_7.32e-04_14.5__282			0.168834		0.408333		0.400000
0.28_0.34_6.10e+00_7.32e-04_15.0__294			0.211602		0.376667		0.370000
0.28_0.34_6.10e+00_7.32e-04_6.0__115			0.144371		0.586667		0.598333
0.28_0.34_6.10e+00_7.32e-04_5.5__102			0.130404		0.650000		0.650000
0.28_0.34_6.10e+00_7.32e-04_18.5__362			0.137248		0.555000		0.541667
0.28_0.34_6.10e+00_7.32e-04_16.5__326			0.146607		0.608333		0.613333
0.28_0.34_6.10e+00_7.32e-04_2.5__41			0.020129		0.953333		0.958333
0.28_0.34_6.10e+00_7.32e-04_18.5__361			0.142413		0.568333		0.568333
0.28_0.34_6.10e+00_7.32e-04_13.5__265			0.170618		0.568333		0.573333
0.28_0.34_6.10e+00_7.32e-04_6.5__121			0.134411		0.598333		0.566667
0.28_0.34_6.10e+00_7.32e-04_21.5__427			0.145789		0.536667		0.541667
0.28_0.34_6.10e+00_7.32e-04_10.0__196			0.180736		0.510000		0.528333
0.28_0.34_6.10e+00_7.32e-04_6.5__129			0.134582		0.625000		0.638333
0.28_0.34_6.10e+00_7.32e-04_7.5__141			0.135291		0.601667		0.570000
0.28_0.34_6.10e+00_7.32e-04_6.5__127			0.144136		0.583333		0.573333
0.28_0.34_6.10e+00_7.32e-04_24.5__482			0.138565		0.666667		0.643333
0.28_0.34_6.10e+00_7.32e-04_21.5__423			0.142485		0.556667		0.538333
0.28_0.34_6.10e+00_7.32e-04_19.5__385			0.157603		0.510000		0.545000
0.28_0.34_6.10e+00_7.32e-04_2.0__31			0.016810		0.973333		0.975000
0.28_0.34_6.10e+00_7.32e-04_18.0__358			0.161188		0.493333		0.471667
0.28_0.34_6.10e+00_7.32e-04_14.0__278			0.164468		0.445000		0.426667
0.28_0.34_6.10e+00_7.32e-04_7.0__136			0.127096		0.621667		0.618333
0.28_0.34_6.10e+00_7.32e-04_24.0__472			0.138339		0.666667		0.640000
0.28_0.34_6.10e+00_7.32e-04_8.0__155			0.150651		0.536667		0.553333
0.28_0.34_6.10e+00_7.32e-04_8.5__164			0.249613		0.345000		0.331667
0.28_0.34_6.10e+00_7.32e-04_9.0__172			0.156559		0.418333		0.416667
0.28_0.34_6.10e+00_7.32e-04_25.0__496			0.139272		0.590000		0.606667
0.28_0.34_6.10e+00_7.32e-04_15.5__300			0.174854		0.570000		0.605000
0.28_0.34_6.10e+00_7.32e-04_24.5__484			0.188470		0.503333		0.506667
0.28_0.34_6.10e+00_7.32e-04_7.0__131			0.135129		0.588333		0.566667
0.28_0.34_6.10e+00_7.32e-04_25.0__492			0.134614		0.611667		0.590000
0.28_0.34_6.10e+00_7.32e-04_18.0__355			0.155728		0.516667		0.548333
0.28_0.34_6.10e+00_7.32e-04_5.5__100			0.126117		0.580000		0.618333
0.28_0.34_6.10e+00_7.32e-04_21.0__418			0.153361		0.498333		0.476667
0.28_0.34_6.10e+00_7.32e-04_23.0__453			0.142998		0.553333		0.535000
0.28_0.34_6.10e+00_7.32e-04_16.0__314			0.185905		0.538333		0.536667
0.28_0.34_6.10e+00_7.32e-04_1.0__18			0.017539		0.965000		0.976667
0.28_0.34_6.10e+00_7.32e-04_14.0__271			0.167875		0.393333		0.368333
0.28_0.34_6.10e+00_7.32e-04_14.0__279			0.142742		0.573333		0.628333
0.28_0.34_6.10e+00_7.32e-04_23.5__469			0.136927		0.661667		0.685000
0.28_0.34_6.10e+00_7.32e-04_24.5__483			0.138509		0.558333		0.548333
0.28_0.34_6.10e+00_7.32e-04_24.5__489			0.137187		0.665000		0.685000
0.28_0.34_6.10e+00_7.32e-04_20.5__407			0.140815		0.561667		0.550000
0.28_0.34_6.10e+00_7.32e-04_18.5__369			0.133390		0.596667		0.635000
0.28_0.34_6.10e+00_7.32e-04_18.0__353			0.137335		0.561667		0.548333
0.28_0.34_6.10e+00_7.32e-04_18.0__352			0.146096		0.665000		0.631667
0.28_0.34_6.10e+00_7.32e-04_23.5__466			0.153612		0.588333		0.603333
0.28_0.34_6.10e+00_7.32e-04_18.0__357			0.154158		0.546667		0.551667
0.28_0.34_6.10e+00_7.32e-04_23.5__468			0.144582		0.506667		0.470000
0.28_0.34_6.10e+00_7.32e-04_23.5__464			0.183333		0.538333		0.541667
0.28_0.34_6.10e+00_7.32e-04_24.0__476			0.144929		0.580000		0.603333
0.28_0.34_6.10e+00_7.32e-04_21.5__428			0.142154		0.561667		0.541667
0.28_0.34_6.10e+00_7.32e-04_21.0__417			0.138789		0.553333		0.545000
0.28_0.34_6.10e+00_7.32e-04_8.5__167			0.165368		0.501667		0.461667
0.28_0.34_6.10e+00_7.32e-04_22.0__439			0.136608		0.660000		0.686667
0.28_0.34_6.10e+00_7.32e-04_4.5__89			0.099238		0.770000		0.763333
0.28_0.34_6.10e+00_7.32e-04_11.5__227			0.168727		0.505000		0.471667
0.28_0.34_6.10e+00_7.32e-04_22.0__436			0.144939		0.583333		0.600000
0.28_0.34_6.10e+00_7.32e-04_5.5__107			0.144986		0.581667		0.571667
0.28_0.34_6.10e+00_7.32e-04_24.0__473			0.138481		0.558333		0.545000
0.28_0.34_6.10e+00_7.32e-04_8.0__154			0.245324		0.345000		0.331667
0.28_0.34_6.10e+00_7.32e-04_5.0__93			0.110558		0.648333		0.636667
0.28_0.34_6.10e+00_7.32e-04_24.5__486			0.145233		0.580000		0.601667
0.28_0.34_6.10e+00_7.32e-04_16.5__322			0.149698		0.575000		0.555000
0.28_0.34_6.10e+00_7.32e-04_25.0__490			0.139314		0.570000		0.606667
0.28_0.34_6.10e+00_7.32e-04_12.5__247			0.179975		0.356667		0.326667
0.28_0.34_6.10e+00_7.32e-04_23.5__463			0.144289		0.548333		0.533333
0.28_0.34_6.10e+00_7.32e-04_24.5__485			0.150787		0.548333		0.563333
0.28_0.34_6.10e+00_7.32e-04_25.0__491			0.139469		0.546667		0.583333
0.28_0.34_6.10e+00_7.32e-04_25.0__497			0.137204		0.585000		0.588333
0.28_0.34_6.10e+00_7.32e-04_10.0__195			0.165113		0.555000		0.563333
0.28_0.34_6.10e+00_7.32e-04_12.0__230			0.185012		0.326667		0.356667
0.28_0.34_6.10e+00_7.32e-04_4.0__73			0.081826		0.800000		0.775000
0.28_0.34_6.10e+00_7.32e-04_0.5__8			0.016991		0.966667		0.976667
0.28_0.34_6.10e+00_7.32e-04_22.0__438			0.145793		0.488333		0.430000
0.28_0.34_6.10e+00_7.32e-04_24.0__478			0.147025		0.483333		0.431667
