id			last val		val acc		test acc
0.28_0.34_6.10e+00_7.32e-04_8.0__79			0.109894		0.740000		0.753333
0.28_0.34_6.10e+00_7.32e-04_4.0__31			0.113472		0.631667		0.618333
0.28_0.34_6.10e+00_7.32e-04_18.0__173			0.117396		0.583333		0.571667
0.28_0.34_6.10e+00_7.32e-04_2.0__13			0.142353		0.618333		0.593333
0.28_0.34_6.10e+00_7.32e-04_4.0__30			0.136280		0.575000		0.608333
0.28_0.34_6.10e+00_7.32e-04_5.0__43			0.117234		0.621667		0.603333
0.28_0.34_6.10e+00_7.32e-04_16.0__151			0.115097		0.643333		0.623333
0.28_0.34_6.10e+00_7.32e-04_8.0__77			0.118540		0.701667		0.725000
0.28_0.34_6.10e+00_7.32e-04_3.0__26			0.127577		0.576667		0.588333
0.28_0.34_6.10e+00_7.32e-04_4.0__37			0.118776		0.703333		0.718333
0.28_0.34_6.10e+00_7.32e-04_5.0__45			0.141792		0.640000		0.661667
0.28_0.34_6.10e+00_7.32e-04_11.0__101			0.115456		0.635000		0.621667
0.28_0.34_6.10e+00_7.32e-04_6.0__52			0.118668		0.776667		0.745000
0.28_0.34_6.10e+00_7.32e-04_13.0__124			0.150818		0.565000		0.595000
0.28_0.34_6.10e+00_7.32e-04_11.0__108			0.116954		0.698333		0.653333
0.28_0.34_6.10e+00_7.32e-04_10.0__99			0.111706		0.726667		0.733333
0.28_0.34_6.10e+00_7.32e-04_7.0__62			0.120120		0.745000		0.711667
0.28_0.34_6.10e+00_7.32e-04_7.0__68			0.112840		0.710000		0.656667
0.28_0.34_6.10e+00_7.32e-04_7.0__63			0.118459		0.573333		0.568333
0.28_0.34_6.10e+00_7.32e-04_4.0__38			0.114724		0.695000		0.643333
0.28_0.34_6.10e+00_7.32e-04_17.0__165			0.142718		0.660000		0.696667
0.28_0.34_6.10e+00_7.32e-04_18.0__176			0.164517		0.573333		0.593333
0.28_0.34_6.10e+00_7.32e-04_6.0__57			0.117787		0.713333		0.755000
0.28_0.34_6.10e+00_7.32e-04_15.0__140			0.127475		0.590000		0.625000
0.28_0.34_6.10e+00_7.32e-04_10.0__90			0.127615		0.583333		0.621667
0.28_0.34_6.10e+00_7.32e-04_25.0__243			0.117539		0.580000		0.571667
0.28_0.34_6.10e+00_7.32e-04_4.0__36			0.148824		0.566667		0.578333
0.28_0.34_6.10e+00_7.32e-04_8.0__71			0.116262		0.630000		0.625000
0.28_0.34_6.10e+00_7.32e-04_15.0__148			0.115196		0.708333		0.643333
0.28_0.34_6.10e+00_7.32e-04_21.0__202			0.121616		0.711667		0.685000
0.28_0.34_6.10e+00_7.32e-04_6.0__59			0.109659		0.761667		0.755000
0.28_0.34_6.10e+00_7.32e-04_16.0__159			0.114396		0.745000		0.736667
0.28_0.34_6.10e+00_7.32e-04_15.0__147			0.120183		0.691667		0.695000
0.28_0.34_6.10e+00_7.32e-04_1.0__4			0.151704		0.550000		0.578333
0.28_0.34_6.10e+00_7.32e-04_6.0__51			0.115916		0.650000		0.638333
0.28_0.34_6.10e+00_7.32e-04_15.0__146			0.146484		0.585000		0.603333
0.28_0.34_6.10e+00_7.32e-04_16.0__153			0.116596		0.586667		0.570000
0.28_0.34_6.10e+00_7.32e-04_7.0__67			0.119236		0.708333		0.753333
0.28_0.34_6.10e+00_7.32e-04_13.0__126			0.143567		0.576667		0.596667
0.28_0.34_6.10e+00_7.32e-04_10.0__95			0.147426		0.640000		0.668333
0.28_0.34_6.10e+00_7.32e-04_12.0__117			0.119212		0.685000		0.730000
0.28_0.34_6.10e+00_7.32e-04_13.0__128			0.115731		0.685000		0.640000
0.28_0.34_6.10e+00_7.32e-04_1.0__1			0.109208		0.703333		0.708333
0.28_0.34_6.10e+00_7.32e-04_10.0__94			0.149728		0.563333		0.595000
0.28_0.34_6.10e+00_7.32e-04_14.0__139			0.114843		0.753333		0.738333
0.28_0.34_6.10e+00_7.32e-04_5.0__48			0.115355		0.710000		0.656667
0.28_0.34_6.10e+00_7.32e-04_26.0__251			0.123078		0.628333		0.640000
0.28_0.34_6.10e+00_7.32e-04_8.0__70			0.125646		0.583333		0.625000
0.28_0.34_6.10e+00_7.32e-04_11.0__105			0.147081		0.615000		0.658333
0.28_0.34_6.10e+00_7.32e-04_24.0__231			0.115714		0.623333		0.616667
0.28_0.34_6.10e+00_7.32e-04_19.0__189			0.113035		0.731667		0.735000
0.28_0.34_6.10e+00_7.32e-04_5.0__44			0.148814		0.561667		0.596667
0.28_0.34_6.10e+00_7.32e-04_2.0__14			0.147536		0.556667		0.588333
0.28_0.34_6.10e+00_7.32e-04_8.0__78			0.112868		0.683333		0.648333
0.28_0.34_6.10e+00_7.32e-04_21.0__204			0.151908		0.575000		0.590000
0.28_0.34_6.10e+00_7.32e-04_18.0__174			0.154734		0.573333		0.591667
0.28_0.34_6.10e+00_7.32e-04_20.0__195			0.142690		0.660000		0.695000
0.28_0.34_6.10e+00_7.32e-04_12.0__115			0.144435		0.628333		0.666667
0.28_0.34_6.10e+00_7.32e-04_16.0__156			0.147328		0.578333		0.600000
0.28_0.34_6.10e+00_7.32e-04_7.0__65			0.154001		0.631667		0.671667
0.28_0.34_6.10e+00_7.32e-04_7.0__60			0.128185		0.578333		0.621667
0.28_0.34_6.10e+00_7.32e-04_3.0__25			0.146013		0.656667		0.665000
0.28_0.34_6.10e+00_7.32e-04_15.0__144			0.156172		0.578333		0.591667
0.28_0.34_6.10e+00_7.32e-04_6.0__56			0.130705		0.573333		0.590000
0.28_0.34_6.10e+00_7.32e-04_23.0__223			0.121647		0.588333		0.576667
0.28_0.34_6.10e+00_7.32e-04_3.0__23			0.127594		0.603333		0.590000
0.28_0.34_6.10e+00_7.32e-04_9.0__85			0.148709		0.635000		0.658333
0.28_0.34_6.10e+00_7.32e-04_6.0__53			0.119976		0.575000		0.565000
0.28_0.34_6.10e+00_7.32e-04_17.0__168			0.115070		0.701667		0.651667
0.28_0.34_6.10e+00_7.32e-04_28.0__270			0.125718		0.595000		0.623333
0.28_0.34_6.10e+00_7.32e-04_20.0__199			0.115294		0.733333		0.748333
0.28_0.34_6.10e+00_7.32e-04_28.0__275			0.144747		0.635000		0.685000
0.28_0.34_6.10e+00_7.32e-04_11.0__106			0.165007		0.571667		0.591667
0.28_0.34_6.10e+00_7.32e-04_22.0__211			0.112430		0.658333		0.666667
0.28_0.34_6.10e+00_7.32e-04_12.0__110			0.121942		0.583333		0.623333
0.28_0.34_6.10e+00_7.32e-04_21.0__203			0.123856		0.591667		0.568333
0.28_0.34_6.10e+00_7.32e-04_5.0__46			0.129913		0.571667		0.586667
0.28_0.34_6.10e+00_7.32e-04_34.0__331			0.116407		0.631667		0.615000
0.28_0.34_6.10e+00_7.32e-04_20.0__191			0.112436		0.663333		0.656667
0.28_0.34_6.10e+00_7.32e-04_6.0__50			0.130741		0.581667		0.621667
0.28_0.34_6.10e+00_7.32e-04_24.0__239			0.114739		0.700000		0.708333
0.28_0.34_6.10e+00_7.32e-04_4.0__32			0.120921		0.736667		0.721667
0.28_0.34_6.10e+00_7.32e-04_27.0__267			0.120300		0.630000		0.640000
0.28_0.34_6.10e+00_7.32e-04_9.0__81			0.120731		0.625000		0.625000
0.28_0.34_6.10e+00_7.32e-04_22.0__216			0.149449		0.565000		0.575000
0.28_0.34_6.10e+00_7.32e-04_17.0__161			0.113301		0.648333		0.630000
0.28_0.34_6.10e+00_7.32e-04_10.0__96			0.132678		0.575000		0.588333
0.28_0.34_6.10e+00_7.32e-04_32.0__310			0.129244		0.573333		0.618333
0.28_0.34_6.10e+00_7.32e-04_18.0__177			0.120950		0.678333		0.686667
0.28_0.34_6.10e+00_7.32e-04_5.0__41			0.115363		0.655000		0.640000
0.28_0.34_6.10e+00_7.32e-04_27.0__263			0.116994		0.588333		0.573333
0.28_0.34_6.10e+00_7.32e-04_17.0__166			0.144019		0.573333		0.596667
0.28_0.34_6.10e+00_7.32e-04_17.0__162			0.120976		0.720000		0.685000
0.28_0.34_6.10e+00_7.32e-04_3.0__20			0.166294		0.563333		0.598333
0.28_0.34_6.10e+00_7.32e-04_9.0__84			0.148439		0.563333		0.595000
0.28_0.34_6.10e+00_7.32e-04_6.0__58			0.112142		0.695000		0.650000
0.28_0.34_6.10e+00_7.32e-04_30.0__296			0.142932		0.555000		0.571667
0.28_0.34_6.10e+00_7.32e-04_37.0__366			0.133598		0.555000		0.566667
0.28_0.34_6.10e+00_7.32e-04_11.0__107			0.119087		0.703333		0.726667
0.28_0.34_6.10e+00_7.32e-04_34.0__337			0.121520		0.645000		0.668333
0.28_0.34_6.10e+00_7.32e-04_10.0__92			0.118453		0.753333		0.723333
0.28_0.34_6.10e+00_7.32e-04_10.0__97			0.119253		0.713333		0.743333
0.28_0.34_6.10e+00_7.32e-04_15.0__141			0.114579		0.661667		0.643333
0.28_0.34_6.10e+00_7.32e-04_28.0__273			0.117117		0.585000		0.571667
0.28_0.34_6.10e+00_7.32e-04_1.0__9			0.127363		0.656667		0.661667
0.28_0.34_6.10e+00_7.32e-04_14.0__130			0.123315		0.583333		0.625000
0.28_0.34_6.10e+00_7.32e-04_29.0__286			0.134010		0.555000		0.575000
0.28_0.34_6.10e+00_7.32e-04_8.0__75			0.168661		0.630000		0.648333
0.28_0.34_6.10e+00_7.32e-04_4.0__35			0.150967		0.608333		0.636667
0.28_0.34_6.10e+00_7.32e-04_4.0__34			0.158883		0.560000		0.590000
0.28_0.34_6.10e+00_7.32e-04_26.0__252			0.121251		0.706667		0.685000
0.28_0.34_6.10e+00_7.32e-04_5.0__49			0.109567		0.763333		0.750000
0.28_0.34_6.10e+00_7.32e-04_8.0__76			0.139511		0.571667		0.583333
0.28_0.34_6.10e+00_7.32e-04_21.0__207			0.120434		0.675000		0.688333
0.28_0.34_6.10e+00_7.32e-04_26.0__254			0.151367		0.565000		0.596667
0.28_0.34_6.10e+00_7.32e-04_18.0__175			0.145374		0.631667		0.673333
0.28_0.34_6.10e+00_7.32e-04_12.0__113			0.118679		0.580000		0.570000
0.28_0.34_6.10e+00_7.32e-04_28.0__276			0.136260		0.555000		0.570000
0.28_0.34_6.10e+00_7.32e-04_3.0__21			0.112311		0.683333		0.671667
0.28_0.34_6.10e+00_7.32e-04_33.0__326			0.128806		0.553333		0.566667
0.28_0.34_6.10e+00_7.32e-04_19.0__183			0.118568		0.581667		0.570000
0.28_0.34_6.10e+00_7.32e-04_36.0__357			0.121868		0.643333		0.658333
0.28_0.34_6.10e+00_7.32e-04_17.0__167			0.120113		0.705000		0.748333
0.28_0.34_6.10e+00_7.32e-04_15.0__142			0.121489		0.721667		0.691667
0.28_0.34_6.10e+00_7.32e-04_8.0__73			0.116650		0.580000		0.568333
0.28_0.34_6.10e+00_7.32e-04_7.0__66			0.132647		0.568333		0.583333
0.28_0.34_6.10e+00_7.32e-04_19.0__185			0.142304		0.631667		0.658333
0.28_0.34_6.10e+00_7.32e-04_11.0__109			0.115333		0.701667		0.708333
0.28_0.34_6.10e+00_7.32e-04_6.0__54			0.152055		0.558333		0.591667
0.28_0.34_6.10e+00_7.32e-04_35.0__347			0.120610		0.633333		0.646667
0.28_0.34_6.10e+00_7.32e-04_21.0__209			0.114510		0.700000		0.723333
0.28_0.34_6.10e+00_7.32e-04_14.0__137			0.119180		0.691667		0.720000
0.28_0.34_6.10e+00_7.32e-04_1.0__2			0.119270		0.741667		0.706667
0.28_0.34_6.10e+00_7.32e-04_19.0__180			0.126688		0.581667		0.623333
0.28_0.34_6.10e+00_7.32e-04_27.0__262			0.121106		0.718333		0.690000
0.28_0.34_6.10e+00_7.32e-04_38.0__374			0.153159		0.568333		0.590000
0.28_0.34_6.10e+00_7.32e-04_41.0__404			0.156689		0.576667		0.595000
0.28_0.34_6.10e+00_7.32e-04_39.0__387			0.120827		0.638333		0.646667
0.28_0.34_6.10e+00_7.32e-04_21.0__205			0.144104		0.658333		0.695000
0.28_0.34_6.10e+00_7.32e-04_5.0__42			0.120060		0.738333		0.715000
0.28_0.34_6.10e+00_7.32e-04_37.0__367			0.120958		0.648333		0.673333
0.28_0.34_6.10e+00_7.32e-04_22.0__210			0.124347		0.581667		0.621667
0.28_0.34_6.10e+00_7.32e-04_20.0__190			0.125165		0.583333		0.625000
0.28_0.34_6.10e+00_7.32e-04_34.0__338			0.114593		0.705000		0.648333
0.28_0.34_6.10e+00_7.32e-04_22.0__218			0.114982		0.688333		0.640000
0.28_0.34_6.10e+00_7.32e-04_18.0__172			0.121010		0.731667		0.688333
0.28_0.34_6.10e+00_7.32e-04_27.0__266			0.150440		0.558333		0.571667
0.28_0.34_6.10e+00_7.32e-04_28.0__277			0.121071		0.613333		0.620000
0.28_0.34_6.10e+00_7.32e-04_27.0__269			0.115646		0.728333		0.728333
0.28_0.34_6.10e+00_7.32e-04_26.0__255			0.143220		0.646667		0.690000
0.28_0.34_6.10e+00_7.32e-04_20.0__197			0.121948		0.661667		0.670000
0.28_0.34_6.10e+00_7.32e-04_18.0__178			0.115176		0.675000		0.636667
0.28_0.34_6.10e+00_7.32e-04_30.0__292			0.121609		0.705000		0.685000
0.28_0.34_6.10e+00_7.32e-04_14.0__131			0.115186		0.660000		0.631667
0.28_0.34_6.10e+00_7.32e-04_1.0__0			0.191822		0.596667		0.636667
0.28_0.34_6.10e+00_7.32e-04_29.0__282			0.121912		0.711667		0.683333
0.28_0.34_6.10e+00_7.32e-04_16.0__154			0.153289		0.576667		0.591667
0.28_0.34_6.10e+00_7.32e-04_1.0__6			0.166329		0.550000		0.566667
0.28_0.34_6.10e+00_7.32e-04_17.0__164			0.152220		0.571667		0.596667
0.28_0.34_6.10e+00_7.32e-04_5.0__40			0.132039		0.576667		0.613333
0.28_0.34_6.10e+00_7.32e-04_33.0__323			0.117650		0.578333		0.571667
0.28_0.34_6.10e+00_7.32e-04_3.0__24			0.150787		0.556667		0.591667
0.28_0.34_6.10e+00_7.32e-04_2.0__15			0.156387		0.650000		0.655000
0.28_0.34_6.10e+00_7.32e-04_37.0__368			0.114541		0.711667		0.661667
0.28_0.34_6.10e+00_7.32e-04_22.0__217			0.121908		0.671667		0.656667
0.28_0.34_6.10e+00_7.32e-04_29.0__288			0.114963		0.700000		0.646667
0.28_0.34_6.10e+00_7.32e-04_33.0__321			0.115451		0.660000		0.643333
0.28_0.34_6.10e+00_7.32e-04_33.0__325			0.142819		0.660000		0.711667
0.28_0.34_6.10e+00_7.32e-04_21.0__201			0.114857		0.645000		0.623333
0.28_0.34_6.10e+00_7.32e-04_15.0__143			0.116183		0.580000		0.568333
0.28_0.34_6.10e+00_7.32e-04_45.0__441			0.118272		0.631667		0.633333
0.28_0.34_6.10e+00_7.32e-04_9.0__83			0.118373		0.581667		0.568333
0.28_0.34_6.10e+00_7.32e-04_43.0__423			0.117522		0.580000		0.571667
0.28_0.34_6.10e+00_7.32e-04_3.0__22			0.120977		0.721667		0.703333
0.28_0.34_6.10e+00_7.32e-04_28.0__278			0.115713		0.681667		0.641667
0.28_0.34_6.10e+00_7.32e-04_43.0__427			0.121292		0.638333		0.653333
0.28_0.34_6.10e+00_7.32e-04_29.0__285			0.141992		0.648333		0.700000
0.28_0.34_6.10e+00_7.32e-04_21.0__206			0.141938		0.566667		0.581667
0.28_0.34_6.10e+00_7.32e-04_33.0__327			0.120810		0.638333		0.653333
0.28_0.34_6.10e+00_7.32e-04_16.0__155			0.140804		0.655000		0.676667
0.28_0.34_6.10e+00_7.32e-04_30.0__290			0.126424		0.598333		0.626667
0.28_0.34_6.10e+00_7.32e-04_41.0__406			0.132975		0.553333		0.565000
0.28_0.34_6.10e+00_7.32e-04_19.0__184			0.156084		0.576667		0.593333
0.28_0.34_6.10e+00_7.32e-04_38.0__376			0.134869		0.551667		0.566667
0.28_0.34_6.10e+00_7.32e-04_10.0__91			0.114562		0.640000		0.630000
0.28_0.34_6.10e+00_7.32e-04_3.0__28			0.115336		0.713333		0.665000
0.28_0.34_6.10e+00_7.32e-04_25.0__242			0.121937		0.705000		0.683333
0.28_0.34_6.10e+00_7.32e-04_2.0__10			0.143266		0.591667		0.615000
0.28_0.34_6.10e+00_7.32e-04_15.0__149			0.112469		0.745000		0.736667
0.28_0.34_6.10e+00_7.32e-04_23.0__227			0.119907		0.681667		0.685000
0.28_0.34_6.10e+00_7.32e-04_1.0__5			0.187786		0.560000		0.576667
0.28_0.34_6.10e+00_7.32e-04_22.0__219			0.114996		0.745000		0.743333
0.28_0.34_6.10e+00_7.32e-04_2.0__11			0.114617		0.681667		0.675000
0.28_0.34_6.10e+00_7.32e-04_24.0__230			0.129263		0.603333		0.636667
0.28_0.34_6.10e+00_7.32e-04_14.0__132			0.121306		0.721667		0.686667
0.28_0.34_6.10e+00_7.32e-04_9.0__87			0.118564		0.695000		0.740000
0.28_0.34_6.10e+00_7.32e-04_31.0__305			0.145082		0.645000		0.696667
0.28_0.34_6.10e+00_7.32e-04_38.0__378			0.115183		0.710000		0.651667
0.28_0.34_6.10e+00_7.32e-04_34.0__333			0.114330		0.576667		0.578333
0.28_0.34_6.10e+00_7.32e-04_31.0__302			0.121995		0.710000		0.688333
0.28_0.34_6.10e+00_7.32e-04_25.0__245			0.142117		0.656667		0.700000
0.28_0.34_6.10e+00_7.32e-04_20.0__193			0.119783		0.588333		0.568333
0.28_0.34_6.10e+00_7.32e-04_13.0__121			0.114926		0.631667		0.623333
0.28_0.34_6.10e+00_7.32e-04_23.0__228			0.116003		0.680000		0.643333
0.28_0.34_6.10e+00_7.32e-04_40.0__396			0.136817		0.551667		0.566667
0.28_0.34_6.10e+00_7.32e-04_23.0__225			0.142608		0.645000		0.703333
0.28_0.34_6.10e+00_7.32e-04_38.0__377			0.121553		0.623333		0.638333
0.28_0.34_6.10e+00_7.32e-04_27.0__260			0.123897		0.585000		0.625000
0.28_0.34_6.10e+00_7.32e-04_49.0__481			0.116842		0.643333		0.623333
0.28_0.34_6.10e+00_7.32e-04_36.0__355			0.143058		0.658333		0.693333
0.28_0.34_6.10e+00_7.32e-04_31.0__301			0.116036		0.645000		0.640000
0.28_0.34_6.10e+00_7.32e-04_1.0__7			0.127155		0.678333		0.665000
0.28_0.34_6.10e+00_7.32e-04_44.0__431			0.117137		0.613333		0.610000
0.28_0.34_6.10e+00_7.32e-04_5.0__47			0.118261		0.706667		0.751667
0.28_0.34_6.10e+00_7.32e-04_31.0__300			0.127367		0.590000		0.625000
0.28_0.34_6.10e+00_7.32e-04_20.0__194			0.158623		0.583333		0.600000
0.28_0.34_6.10e+00_7.32e-04_49.0__482			0.119662		0.735000		0.708333
0.28_0.34_6.10e+00_7.32e-04_28.0__274			0.152469		0.560000		0.593333
0.28_0.34_6.10e+00_7.32e-04_30.0__297			0.120708		0.648333		0.643333
0.28_0.34_6.10e+00_7.32e-04_30.0__299			0.116176		0.686667		0.693333
0.28_0.34_6.10e+00_7.32e-04_30.0__294			0.152868		0.566667		0.588333
0.28_0.34_6.10e+00_7.32e-04_23.0__220			0.124097		0.588333		0.623333
0.28_0.34_6.10e+00_7.32e-04_35.0__340			0.123939		0.588333		0.623333
0.28_0.34_6.10e+00_7.32e-04_17.0__163			0.116615		0.588333		0.570000
0.28_0.34_6.10e+00_7.32e-04_18.0__170			0.124706		0.583333		0.623333
0.28_0.34_6.10e+00_7.32e-04_9.0__88			0.111795		0.678333		0.640000
0.28_0.34_6.10e+00_7.32e-04_37.0__360			0.125552		0.595000		0.628333
0.28_0.34_6.10e+00_7.32e-04_7.0__61			0.116352		0.633333		0.623333
0.28_0.34_6.10e+00_7.32e-04_53.0__523			0.118110		0.576667		0.568333
0.28_0.34_6.10e+00_7.32e-04_16.0__150			0.122267		0.583333		0.625000
0.28_0.34_6.10e+00_7.32e-04_26.0__253			0.116335		0.580000		0.571667
0.28_0.34_6.10e+00_7.32e-04_16.0__152			0.121242		0.728333		0.690000
0.28_0.34_6.10e+00_7.32e-04_46.0__450			0.124768		0.600000		0.635000
0.28_0.34_6.10e+00_7.32e-04_43.0__426			0.136152		0.553333		0.566667
0.28_0.34_6.10e+00_7.32e-04_23.0__226			0.146397		0.556667		0.570000
0.28_0.34_6.10e+00_7.32e-04_41.0__400			0.126712		0.581667		0.623333
0.28_0.34_6.10e+00_7.32e-04_26.0__256			0.141459		0.561667		0.576667
0.28_0.34_6.10e+00_7.32e-04_24.0__238			0.116339		0.695000		0.645000
0.28_0.34_6.10e+00_7.32e-04_23.0__222			0.121837		0.711667		0.681667
0.28_0.34_6.10e+00_7.32e-04_29.0__289			0.116534		0.728333		0.728333
0.28_0.34_6.10e+00_7.32e-04_36.0__351			0.114482		0.670000		0.658333
0.28_0.34_6.10e+00_7.32e-04_45.0__447			0.121051		0.655000		0.678333
0.28_0.34_6.10e+00_7.32e-04_18.0__179			0.115424		0.745000		0.756667
0.28_0.34_6.10e+00_7.32e-04_32.0__311			0.115713		0.643333		0.625000
0.28_0.34_6.10e+00_7.32e-04_17.0__160			0.123223		0.585000		0.625000
0.28_0.34_6.10e+00_7.32e-04_13.0__127			0.119996		0.680000		0.708333
0.28_0.34_6.10e+00_7.32e-04_40.0__390			0.124956		0.588333		0.623333
0.28_0.34_6.10e+00_7.32e-04_12.0__119			0.112429		0.750000		0.736667
0.28_0.34_6.10e+00_7.32e-04_8.0__72			0.119816		0.743333		0.706667
0.28_0.34_6.10e+00_7.32e-04_33.0__324			0.153865		0.565000		0.590000
0.28_0.34_6.10e+00_7.32e-04_53.0__527			0.121132		0.650000		0.671667
0.28_0.34_6.10e+00_7.32e-04_41.0__407			0.120731		0.648333		0.683333
0.28_0.34_6.10e+00_7.32e-04_18.0__171			0.112960		0.656667		0.651667
0.28_0.34_6.10e+00_7.32e-04_44.0__436			0.145658		0.545000		0.558333
0.28_0.34_6.10e+00_7.32e-04_21.0__208			0.116030		0.675000		0.643333
0.28_0.34_6.10e+00_7.32e-04_2.0__16			0.173713		0.568333		0.586667
0.28_0.34_6.10e+00_7.32e-04_31.0__307			0.120638		0.646667		0.668333
0.28_0.34_6.10e+00_7.32e-04_48.0__471			0.119217		0.616667		0.618333
0.28_0.34_6.10e+00_7.32e-04_38.0__372			0.120591		0.713333		0.688333
0.28_0.34_6.10e+00_7.32e-04_33.0__320			0.128475		0.585000		0.625000
0.28_0.34_6.10e+00_7.32e-04_52.0__518			0.114045		0.713333		0.663333
0.28_0.34_6.10e+00_7.32e-04_19.0__181			0.112881		0.653333		0.646667
0.28_0.34_6.10e+00_7.32e-04_12.0__111			0.119242		0.613333		0.608333
0.28_0.34_6.10e+00_7.32e-04_38.0__371			0.120582		0.626667		0.635000
0.28_0.34_6.10e+00_7.32e-04_51.0__504			0.154312		0.576667		0.593333
0.28_0.34_6.10e+00_7.32e-04_24.0__235			0.142596		0.658333		0.700000
0.28_0.34_6.10e+00_7.32e-04_42.0__411			0.117921		0.646667		0.618333
0.28_0.34_6.10e+00_7.32e-04_28.0__279			0.120942		0.748333		0.736667
0.28_0.34_6.10e+00_7.32e-04_9.0__80			0.123324		0.575000		0.610000
0.28_0.34_6.10e+00_7.32e-04_42.0__417			0.120839		0.651667		0.680000
0.28_0.34_6.10e+00_7.32e-04_57.0__566			0.135272		0.546667		0.563333
0.28_0.34_6.10e+00_7.32e-04_29.0__281			0.111791		0.701667		0.691667
0.28_0.34_6.10e+00_7.32e-04_27.0__265			0.144120		0.641667		0.695000
0.28_0.34_6.10e+00_7.32e-04_54.0__533			0.116637		0.576667		0.570000
0.28_0.34_6.10e+00_7.32e-04_45.0__446			0.133027		0.550000		0.563333
0.28_0.34_6.10e+00_7.32e-04_14.0__134			0.151142		0.571667		0.598333
0.28_0.34_6.10e+00_7.32e-04_53.0__522			0.121155		0.713333		0.710000
0.28_0.34_6.10e+00_7.32e-04_26.0__250			0.124629		0.585000		0.623333
0.28_0.34_6.10e+00_7.32e-04_40.0__399			0.116256		0.706667		0.713333
0.28_0.34_6.10e+00_7.32e-04_14.0__133			0.116708		0.578333		0.576667
0.28_0.34_6.10e+00_7.32e-04_7.0__69			0.109375		0.760000		0.756667
0.28_0.34_6.10e+00_7.32e-04_50.0__496			0.133775		0.546667		0.558333
0.28_0.34_6.10e+00_7.32e-04_53.0__524			0.154924		0.573333		0.588333
0.28_0.34_6.10e+00_7.32e-04_12.0__112			0.121754		0.723333		0.695000
0.28_0.34_6.10e+00_7.32e-04_43.0__424			0.153835		0.573333		0.588333
0.28_0.34_6.10e+00_7.32e-04_29.0__280			0.130575		0.600000		0.633333
0.28_0.34_6.10e+00_7.32e-04_28.0__272			0.121428		0.703333		0.685000
0.28_0.34_6.10e+00_7.32e-04_62.0__617			0.122250		0.653333		0.668333
0.28_0.34_6.10e+00_7.32e-04_36.0__352			0.121645		0.715000		0.678333
0.28_0.34_6.10e+00_7.32e-04_22.0__212			0.121134		0.718333		0.686667
0.28_0.34_6.10e+00_7.32e-04_53.0__528			0.117454		0.715000		0.670000
0.28_0.34_6.10e+00_7.32e-04_74.0__737			0.122558		0.673333		0.698333
0.28_0.34_6.10e+00_7.32e-04_13.0__123			0.114689		0.576667		0.575000
0.28_0.34_6.10e+00_7.32e-04_55.0__547			0.121289		0.645000		0.686667
0.28_0.34_6.10e+00_7.32e-04_48.0__479			0.116634		0.690000		0.708333
0.28_0.34_6.10e+00_7.32e-04_46.0__451			0.117913		0.626667		0.620000
0.28_0.34_6.10e+00_7.32e-04_16.0__157			0.119991		0.670000		0.688333
0.28_0.34_6.10e+00_7.32e-04_42.0__413			0.115794		0.578333		0.570000
0.28_0.34_6.10e+00_7.32e-04_24.0__236			0.145076		0.558333		0.570000
0.28_0.34_6.10e+00_7.32e-04_46.0__454			0.152409		0.576667		0.590000
0.28_0.34_6.10e+00_7.32e-04_44.0__433			0.118736		0.583333		0.568333
0.28_0.34_6.10e+00_7.32e-04_34.0__335			0.144644		0.648333		0.690000
0.28_0.34_6.10e+00_7.32e-04_22.0__215			0.140924		0.661667		0.708333
0.28_0.34_6.10e+00_7.32e-04_36.0__359			0.120452		0.680000		0.705000
0.28_0.34_6.10e+00_7.32e-04_67.0__667			0.122344		0.646667		0.673333
0.28_0.34_6.10e+00_7.32e-04_21.0__200			0.126113		0.595000		0.628333
0.28_0.34_6.10e+00_7.32e-04_52.0__511			0.116122		0.691667		0.685000
0.28_0.34_6.10e+00_7.32e-04_36.0__353			0.115805		0.580000		0.570000
0.28_0.34_6.10e+00_7.32e-04_32.0__315			0.139980		0.673333		0.708333
0.28_0.34_6.10e+00_7.32e-04_2.0__18			0.119217		0.730000		0.675000
0.28_0.34_6.10e+00_7.32e-04_58.0__578			0.115528		0.703333		0.660000
0.28_0.34_6.10e+00_7.32e-04_31.0__306			0.145738		0.553333		0.571667
0.28_0.34_6.10e+00_7.32e-04_52.0__512			0.121151		0.713333		0.708333
0.28_0.34_6.10e+00_7.32e-04_61.0__608			0.117911		0.721667		0.666667
0.28_0.34_6.10e+00_7.32e-04_59.0__584			0.152641		0.578333		0.591667
0.28_0.34_6.10e+00_7.32e-04_57.0__565			0.145171		0.638333		0.686667
0.28_0.34_6.10e+00_7.32e-04_51.0__505			0.145185		0.641667		0.673333
0.28_0.34_6.10e+00_7.32e-04_57.0__564			0.154905		0.576667		0.590000
0.28_0.34_6.10e+00_7.32e-04_8.0__74			0.145924		0.556667		0.593333
0.28_0.34_6.10e+00_7.32e-04_57.0__567			0.121863		0.668333		0.678333
0.28_0.34_6.10e+00_7.32e-04_58.0__576			0.131559		0.550000		0.565000
0.28_0.34_6.10e+00_7.32e-04_39.0__385			0.144658		0.641667		0.695000
0.28_0.34_6.10e+00_7.32e-04_56.0__552			0.119979		0.715000		0.715000
0.28_0.34_6.10e+00_7.32e-04_3.0__27			0.119253		0.746667		0.788333
0.28_0.34_6.10e+00_7.32e-04_71.0__704			0.152016		0.575000		0.591667
0.28_0.34_6.10e+00_7.32e-04_19.0__188			0.116332		0.683333		0.636667
0.28_0.34_6.10e+00_7.32e-04_11.0__100			0.122339		0.581667		0.623333
0.28_0.34_6.10e+00_7.32e-04_48.0__470			0.126063		0.581667		0.623333
0.28_0.34_6.10e+00_7.32e-04_83.0__823			0.121059		0.583333		0.566667
0.28_0.34_6.10e+00_7.32e-04_22.0__214			0.151544		0.573333		0.590000
0.28_0.34_6.10e+00_7.32e-04_20.0__192			0.121468		0.726667		0.690000
0.28_0.34_6.10e+00_7.32e-04_64.0__633			0.115477		0.580000		0.568333
0.28_0.34_6.10e+00_7.32e-04_46.0__458			0.113705		0.710000		0.650000
0.28_0.34_6.10e+00_7.32e-04_42.0__410			0.126219		0.596667		0.630000
0.28_0.34_6.10e+00_7.32e-04_31.0__304			0.152255		0.560000		0.586667
0.28_0.34_6.10e+00_7.32e-04_44.0__430			0.126989		0.595000		0.625000
0.28_0.34_6.10e+00_7.32e-04_60.0__592			0.120443		0.718333		0.715000
0.28_0.34_6.10e+00_7.32e-04_42.0__416			0.137136		0.553333		0.566667
0.28_0.34_6.10e+00_7.32e-04_70.0__693			0.116704		0.578333		0.568333
0.28_0.34_6.10e+00_7.32e-04_54.0__536			0.132983		0.553333		0.565000
0.28_0.34_6.10e+00_7.32e-04_29.0__283			0.116752		0.580000		0.568333
0.28_0.34_6.10e+00_7.32e-04_37.0__363			0.115679		0.583333		0.581667
0.28_0.34_6.10e+00_7.32e-04_85.0__843			0.118715		0.588333		0.563333
0.28_0.34_6.10e+00_7.32e-04_42.0__418			0.115064		0.706667		0.653333
0.28_0.34_6.10e+00_7.32e-04_2.0__12			0.122258		0.721667		0.703333
0.28_0.34_6.10e+00_7.32e-04_14.0__138			0.116649		0.680000		0.645000
0.28_0.34_6.10e+00_7.32e-04_65.0__648			0.114793		0.715000		0.666667
0.28_0.34_6.10e+00_7.32e-04_61.0__606			0.134122		0.546667		0.563333
0.28_0.34_6.10e+00_7.32e-04_13.0__125			0.140215		0.673333		0.701667
0.28_0.34_6.10e+00_7.32e-04_82.0__817			0.122964		0.646667		0.695000
0.28_0.34_6.10e+00_7.32e-04_33.0__322			0.123426		0.701667		0.678333
0.28_0.34_6.10e+00_7.32e-04_52.0__510			0.126411		0.576667		0.616667
0.28_0.34_6.10e+00_7.32e-04_44.0__435			0.142360		0.653333		0.691667
0.28_0.34_6.10e+00_7.32e-04_61.0__603			0.117323		0.578333		0.568333
0.28_0.34_6.10e+00_7.32e-04_23.0__221			0.112961		0.635000		0.616667
0.28_0.34_6.10e+00_7.32e-04_48.0__474			0.155206		0.573333		0.591667
0.28_0.34_6.10e+00_7.32e-04_34.0__330			0.128323		0.596667		0.628333
0.28_0.34_6.10e+00_7.32e-04_45.0__449			0.116908		0.705000		0.710000
0.28_0.34_6.10e+00_7.32e-04_48.0__473			0.116429		0.578333		0.570000
0.28_0.34_6.10e+00_7.32e-04_37.0__362			0.121300		0.711667		0.693333
0.28_0.34_6.10e+00_7.32e-04_68.0__677			0.122479		0.660000		0.696667
0.28_0.34_6.10e+00_7.32e-04_42.0__414			0.152914		0.568333		0.590000
0.28_0.34_6.10e+00_7.32e-04_55.0__545			0.145913		0.638333		0.680000
0.28_0.34_6.10e+00_7.32e-04_61.0__601			0.115700		0.645000		0.635000
0.28_0.34_6.10e+00_7.32e-04_47.0__460			0.127958		0.593333		0.623333
0.28_0.34_6.10e+00_7.32e-04_35.0__348			0.114092		0.703333		0.650000
0.28_0.34_6.10e+00_7.32e-04_19.0__186			0.141739		0.568333		0.576667
0.28_0.34_6.10e+00_7.32e-04_55.0__541			0.118385		0.645000		0.628333
0.28_0.34_6.10e+00_7.32e-04_52.0__516			0.144187		0.543333		0.556667
0.28_0.34_6.10e+00_7.32e-04_48.0__478			0.113845		0.705000		0.650000
0.28_0.34_6.10e+00_7.32e-04_63.0__627			0.122636		0.616667		0.623333
0.28_0.34_6.10e+00_7.32e-04_45.0__445			0.141830		0.660000		0.680000
0.28_0.34_6.10e+00_7.32e-04_50.0__493			0.116487		0.580000		0.568333
0.28_0.34_6.10e+00_7.32e-04_33.0__328			0.114220		0.703333		0.648333
0.28_0.34_6.10e+00_7.32e-04_54.0__531			0.119502		0.635000		0.626667
0.28_0.34_6.10e+00_7.32e-04_60.0__590			0.130761		0.576667		0.616667
0.28_0.34_6.10e+00_7.32e-04_56.0__551			0.118395		0.630000		0.616667
0.28_0.34_6.10e+00_7.32e-04_42.0__415			0.142233		0.660000		0.696667
0.28_0.34_6.10e+00_7.32e-04_61.0__600			0.126910		0.576667		0.611667
0.28_0.34_6.10e+00_7.32e-04_44.0__438			0.114637		0.706667		0.653333
0.28_0.34_6.10e+00_7.32e-04_78.0__771			0.121423		0.636667		0.641667
0.28_0.34_6.10e+00_7.32e-04_63.0__624			0.150380		0.578333		0.591667
0.28_0.34_6.10e+00_7.32e-04_63.0__620			0.125538		0.575000		0.610000
0.28_0.34_6.10e+00_7.32e-04_1.0__8			0.141237		0.688333		0.655000
0.28_0.34_6.10e+00_7.32e-04_1.0__3			0.131289		0.576667		0.563333
0.28_0.34_6.10e+00_7.32e-04_59.0__587			0.122476		0.636667		0.643333
0.28_0.34_6.10e+00_7.32e-04_55.0__542			0.119999		0.721667		0.716667
0.28_0.34_6.10e+00_7.32e-04_48.0__475			0.144269		0.640000		0.696667
0.28_0.34_6.10e+00_7.32e-04_71.0__706			0.131329		0.535000		0.555000
0.28_0.34_6.10e+00_7.32e-04_38.0__375			0.142284		0.653333		0.695000
0.28_0.34_6.10e+00_7.32e-04_13.0__129			0.112556		0.753333		0.743333
0.28_0.34_6.10e+00_7.32e-04_41.0__402			0.120436		0.723333		0.705000
0.28_0.34_6.10e+00_7.32e-04_29.0__287			0.120211		0.650000		0.670000
0.28_0.34_6.10e+00_7.32e-04_12.0__114			0.155341		0.573333		0.590000
0.28_0.34_6.10e+00_7.32e-04_43.0__429			0.117938		0.676667		0.696667
0.28_0.34_6.10e+00_7.32e-04_53.0__526			0.147917		0.545000		0.556667
0.28_0.34_6.10e+00_7.32e-04_29.0__284			0.149364		0.561667		0.595000
0.28_0.34_6.10e+00_7.32e-04_12.0__116			0.140804		0.581667		0.603333
0.28_0.34_6.10e+00_7.32e-04_11.0__102			0.121968		0.718333		0.686667
0.28_0.34_6.10e+00_7.32e-04_80.0__797			0.123321		0.650000		0.685000
0.28_0.34_6.10e+00_7.32e-04_56.0__553			0.115888		0.580000		0.580000
0.28_0.34_6.10e+00_7.32e-04_69.0__680			0.123133		0.580000		0.623333
0.28_0.34_6.10e+00_7.32e-04_76.0__753			0.118650		0.586667		0.568333
0.28_0.34_6.10e+00_7.32e-04_47.0__462			0.119525		0.723333		0.706667
0.28_0.34_6.10e+00_7.32e-04_71.0__707			0.123346		0.663333		0.695000
0.28_0.34_6.10e+00_7.32e-04_74.0__730			0.130431		0.565000		0.598333
0.28_0.34_6.10e+00_7.32e-04_80.0__793			0.117280		0.586667		0.568333
0.28_0.34_6.10e+00_7.32e-04_27.0__264			0.152685		0.575000		0.590000
0.28_0.34_6.10e+00_7.32e-04_34.0__334			0.153728		0.570000		0.588333
0.28_0.34_6.10e+00_7.32e-04_66.0__653			0.117894		0.583333		0.573333
0.28_0.34_6.10e+00_7.32e-04_69.0__683			0.118837		0.578333		0.570000
0.28_0.34_6.10e+00_7.32e-04_10.0__93			0.121005		0.578333		0.563333
0.28_0.34_6.10e+00_7.32e-04_16.0__158			0.116498		0.685000		0.645000
0.28_0.34_6.10e+00_7.32e-04_44.0__434			0.150838		0.561667		0.593333
0.28_0.34_6.10e+00_7.32e-04_72.0__711			0.120938		0.631667		0.635000
0.28_0.34_6.10e+00_7.32e-04_59.0__586			0.132231		0.545000		0.560000
0.28_0.34_6.10e+00_7.32e-04_26.0__259			0.114756		0.685000		0.701667
0.28_0.34_6.10e+00_7.32e-04_39.0__388			0.114648		0.686667		0.633333
0.28_0.34_6.10e+00_7.32e-04_25.0__246			0.139062		0.565000		0.576667
0.28_0.34_6.10e+00_7.32e-04_31.0__309			0.114392		0.693333		0.710000
0.28_0.34_6.10e+00_7.32e-04_32.0__319			0.115339		0.698333		0.721667
0.28_0.34_6.10e+00_7.32e-04_13.0__120			0.124412		0.578333		0.618333
0.28_0.34_6.10e+00_7.32e-04_61.0__607			0.121663		0.678333		0.718333
0.28_0.34_6.10e+00_7.32e-04_63.0__626			0.133873		0.541667		0.556667
0.28_0.34_6.10e+00_7.32e-04_56.0__558			0.114483		0.700000		0.651667
0.28_0.34_6.10e+00_7.32e-04_79.0__788			0.113511		0.726667		0.700000
0.28_0.34_6.10e+00_7.32e-04_32.0__316			0.136481		0.553333		0.570000
0.28_0.34_6.10e+00_7.32e-04_45.0__448			0.114977		0.711667		0.658333
0.28_0.34_6.10e+00_7.32e-04_19.0__182			0.122121		0.730000		0.686667
0.28_0.34_6.10e+00_7.32e-04_23.0__224			0.155766		0.578333		0.590000
0.28_0.34_6.10e+00_7.32e-04_49.0__489			0.116486		0.693333		0.703333
0.28_0.34_6.10e+00_7.32e-04_43.0__420			0.126297		0.590000		0.623333
0.28_0.34_6.10e+00_7.32e-04_40.0__392			0.119707		0.725000		0.708333
0.28_0.34_6.10e+00_7.32e-04_52.0__519			0.117269		0.698333		0.710000
0.28_0.34_6.10e+00_7.32e-04_47.0__468			0.114318		0.705000		0.653333
0.28_0.34_6.10e+00_7.32e-04_81.0__806			0.125190		0.546667		0.568333
0.28_0.34_6.10e+00_7.32e-04_52.0__515			0.144558		0.640000		0.681667
0.28_0.34_6.10e+00_7.32e-04_69.0__681			0.117122		0.635000		0.650000
0.28_0.34_6.10e+00_7.32e-04_46.0__457			0.120642		0.668333		0.695000
0.28_0.34_6.10e+00_7.32e-04_28.0__271			0.113536		0.628333		0.615000
0.28_0.34_6.10e+00_7.32e-04_88.0__875			0.150791		0.608333		0.650000
0.28_0.34_6.10e+00_7.32e-04_85.0__846			0.125882		0.538333		0.558333
0.28_0.34_6.10e+00_7.32e-04_42.0__412			0.120212		0.725000		0.705000
0.28_0.34_6.10e+00_7.32e-04_76.0__755			0.148177		0.598333		0.641667
0.28_0.34_6.10e+00_7.32e-04_84.0__832			0.121176		0.721667		0.721667
0.28_0.34_6.10e+00_7.32e-04_46.0__456			0.135724		0.551667		0.566667
0.28_0.34_6.10e+00_7.32e-04_66.0__658			0.113293		0.718333		0.665000
0.28_0.34_6.10e+00_7.32e-04_65.0__645			0.149591		0.606667		0.653333
0.28_0.34_6.10e+00_7.32e-04_79.0__782			0.120037		0.720000		0.713333
0.28_0.34_6.10e+00_7.32e-04_57.0__563			0.114955		0.580000		0.581667
0.28_0.34_6.10e+00_7.32e-04_30.0__293			0.114214		0.575000		0.576667
0.28_0.34_6.10e+00_7.32e-04_63.0__628			0.115118		0.730000		0.690000
0.28_0.34_6.10e+00_7.32e-04_68.0__673			0.117596		0.578333		0.568333
0.28_0.34_6.10e+00_7.32e-04_44.0__439			0.117632		0.691667		0.708333
0.28_0.34_6.10e+00_7.32e-04_65.0__647			0.122719		0.633333		0.660000
0.28_0.34_6.10e+00_7.32e-04_48.0__472			0.119607		0.726667		0.706667
0.28_0.34_6.10e+00_7.32e-04_89.0__886			0.129046		0.538333		0.555000
0.28_0.34_6.10e+00_7.32e-04_31.0__308			0.114070		0.698333		0.648333
0.28_0.34_6.10e+00_7.32e-04_15.0__145			0.142583		0.668333		0.706667
0.28_0.34_6.10e+00_7.32e-04_37.0__369			0.116209		0.701667		0.708333
0.28_0.34_6.10e+00_7.32e-04_3.0__29			0.109919		0.725000		0.741667
0.28_0.34_6.10e+00_7.32e-04_42.0__419			0.115672		0.720000		0.726667
0.28_0.34_6.10e+00_7.32e-04_40.0__397			0.122391		0.620000		0.633333
0.28_0.34_6.10e+00_7.32e-04_90.0__897			0.123140		0.678333		0.726667
0.28_0.34_6.10e+00_7.32e-04_79.0__786			0.132146		0.538333		0.558333
0.28_0.34_6.10e+00_7.32e-04_56.0__556			0.129875		0.548333		0.563333
0.28_0.34_6.10e+00_7.32e-04_74.0__739			0.118851		0.685000		0.708333
0.28_0.34_6.10e+00_7.32e-04_41.0__403			0.117744		0.581667		0.570000
0.28_0.34_6.10e+00_7.32e-04_38.0__379			0.117393		0.711667		0.718333
0.28_0.34_6.10e+00_7.32e-04_67.0__666			0.133100		0.541667		0.561667
0.28_0.34_6.10e+00_7.32e-04_81.0__808			0.113037		0.741667		0.713333
0.28_0.34_6.10e+00_7.32e-04_52.0__513			0.116075		0.578333		0.573333
0.28_0.34_6.10e+00_7.32e-04_78.0__772			0.119536		0.726667		0.720000
0.28_0.34_6.10e+00_7.32e-04_55.0__546			0.137011		0.553333		0.566667
0.28_0.34_6.10e+00_7.32e-04_64.0__635			0.149345		0.603333		0.646667
0.28_0.34_6.10e+00_7.32e-04_37.0__364			0.154858		0.568333		0.590000
0.28_0.34_6.10e+00_7.32e-04_56.0__557			0.121524		0.640000		0.685000
0.28_0.34_6.10e+00_7.32e-04_50.0__491			0.117191		0.633333		0.620000
0.28_0.34_6.10e+00_7.32e-04_86.0__858			0.113140		0.740000		0.716667
0.28_0.34_6.10e+00_7.32e-04_67.0__662			0.120997		0.720000		0.715000
0.28_0.34_6.10e+00_7.32e-04_31.0__303			0.123909		0.578333		0.576667
0.28_0.34_6.10e+00_7.32e-04_9.0__86			0.126731		0.571667		0.586667
0.28_0.34_6.10e+00_7.32e-04_79.0__783			0.123953		0.581667		0.565000
0.28_0.34_6.10e+00_7.32e-04_41.0__408			0.115028		0.710000		0.650000
0.28_0.34_6.10e+00_7.32e-04_47.0__469			0.116731		0.698333		0.708333
0.28_0.34_6.10e+00_7.32e-04_71.0__700			0.132883		0.561667		0.591667
0.28_0.34_6.10e+00_7.32e-04_67.0__664			0.152261		0.578333		0.590000
0.28_0.34_6.10e+00_7.32e-04_60.0__598			0.115015		0.705000		0.658333
0.28_0.34_6.10e+00_7.32e-04_79.0__781			0.121557		0.641667		0.630000
0.28_0.34_6.10e+00_7.32e-04_46.0__452			0.120255		0.726667		0.706667
0.28_0.34_6.10e+00_7.32e-04_44.0__432			0.120454		0.723333		0.706667
0.28_0.34_6.10e+00_7.32e-04_32.0__318			0.114388		0.705000		0.648333
0.28_0.34_6.10e+00_7.32e-04_72.0__714			0.150024		0.573333		0.590000
0.28_0.34_6.10e+00_7.32e-04_54.0__537			0.121307		0.640000		0.675000
0.28_0.34_6.10e+00_7.32e-04_63.0__623			0.116672		0.583333		0.570000
0.28_0.34_6.10e+00_7.32e-04_84.0__836			0.124470		0.546667		0.560000
0.28_0.34_6.10e+00_7.32e-04_23.0__229			0.116134		0.701667		0.708333
0.28_0.34_6.10e+00_7.32e-04_32.0__312			0.122002		0.706667		0.681667
0.28_0.34_6.10e+00_7.32e-04_45.0__440			0.128209		0.581667		0.623333
0.28_0.34_6.10e+00_7.32e-04_74.0__734			0.149845		0.575000		0.588333
0.28_0.34_6.10e+00_7.32e-04_57.0__561			0.118462		0.615000		0.611667
0.28_0.34_6.10e+00_7.32e-04_11.0__103			0.116121		0.581667		0.568333
0.28_0.34_6.10e+00_7.32e-04_69.0__686			0.134446		0.545000		0.563333
0.28_0.34_6.10e+00_7.32e-04_51.0__500			0.125215		0.576667		0.613333
0.28_0.34_6.10e+00_7.32e-04_60.0__595			0.148509		0.605000		0.645000
0.28_0.34_6.10e+00_7.32e-04_75.0__745			0.152740		0.591667		0.628333
0.28_0.34_6.10e+00_7.32e-04_69.0__689			0.117766		0.685000		0.703333
0.28_0.34_6.10e+00_7.32e-04_47.0__466			0.132822		0.553333		0.565000
0.28_0.34_6.10e+00_7.32e-04_81.0__805			0.151491		0.628333		0.663333
0.28_0.34_6.10e+00_7.32e-04_45.0__444			0.153169		0.573333		0.590000
0.28_0.34_6.10e+00_7.32e-04_40.0__395			0.142110		0.663333		0.705000
0.28_0.34_6.10e+00_7.32e-04_63.0__622			0.120921		0.716667		0.711667
0.28_0.34_6.10e+00_7.32e-04_51.0__501			0.115966		0.680000		0.665000
0.28_0.34_6.10e+00_7.32e-04_25.0__247			0.120105		0.651667		0.665000
0.28_0.34_6.10e+00_7.32e-04_25.0__244			0.152375		0.573333		0.590000
0.28_0.34_6.10e+00_7.32e-04_35.0__342			0.121765		0.711667		0.680000
0.28_0.34_6.10e+00_7.32e-04_40.0__394			0.152312		0.578333		0.590000
0.28_0.34_6.10e+00_7.32e-04_51.0__509			0.115634		0.716667		0.713333
0.28_0.34_6.10e+00_7.32e-04_46.0__459			0.117092		0.715000		0.716667
0.28_0.34_6.10e+00_7.32e-04_2.0__17			0.121552		0.713333		0.735000
0.28_0.34_6.10e+00_7.32e-04_79.0__780			0.127596		0.578333		0.623333
0.28_0.34_6.10e+00_7.32e-04_51.0__506			0.146888		0.541667		0.558333
0.28_0.34_6.10e+00_7.32e-04_55.0__549			0.116642		0.693333		0.710000
0.28_0.34_6.10e+00_7.32e-04_83.0__826			0.128170		0.533333		0.553333
0.28_0.34_6.10e+00_7.32e-04_52.0__517			0.121546		0.631667		0.636667
0.28_0.34_6.10e+00_7.32e-04_56.0__550			0.127851		0.578333		0.618333
0.28_0.34_6.10e+00_7.32e-04_84.0__833			0.119542		0.583333		0.565000
0.28_0.34_6.10e+00_7.32e-04_59.0__580			0.127615		0.576667		0.610000
0.28_0.34_6.10e+00_7.32e-04_87.0__866			0.126226		0.550000		0.565000
0.28_0.34_6.10e+00_7.32e-04_39.0__389			0.116550		0.696667		0.710000
0.28_0.34_6.10e+00_7.32e-04_35.0__345			0.143619		0.658333		0.700000
0.28_0.34_6.10e+00_7.32e-04_74.0__733			0.117642		0.588333		0.568333
0.28_0.34_6.10e+00_7.32e-04_70.0__695			0.150108		0.600000		0.641667
0.28_0.34_6.10e+00_7.32e-04_87.0__869			0.120963		0.680000		0.700000
0.28_0.34_6.10e+00_7.32e-04_64.0__630			0.127653		0.578333		0.616667
0.28_0.34_6.10e+00_7.32e-04_77.0__760			0.129006		0.580000		0.615000
0.28_0.34_6.10e+00_7.32e-04_87.0__860			0.127352		0.578333		0.615000
0.28_0.34_6.10e+00_7.32e-04_58.0__570			0.127641		0.578333		0.613333
0.28_0.34_6.10e+00_7.32e-04_66.0__657			0.122813		0.651667		0.686667
0.28_0.34_6.10e+00_7.32e-04_72.0__717			0.123088		0.641667		0.678333
0.28_0.34_6.10e+00_7.32e-04_26.0__258			0.115983		0.676667		0.638333
0.28_0.34_6.10e+00_7.32e-04_38.0__373			0.118229		0.578333		0.568333
0.28_0.34_6.10e+00_7.32e-04_90.0__893			0.116541		0.580000		0.566667
0.28_0.34_6.10e+00_7.32e-04_72.0__716			0.132525		0.531667		0.551667
0.28_0.34_6.10e+00_7.32e-04_75.0__748			0.113039		0.745000		0.713333
0.28_0.34_6.10e+00_7.32e-04_80.0__791			0.120920		0.635000		0.645000
0.28_0.34_6.10e+00_7.32e-04_54.0__535			0.145085		0.643333		0.691667
0.28_0.34_6.10e+00_7.32e-04_66.0__655			0.148595		0.611667		0.650000
0.28_0.34_6.10e+00_7.32e-04_75.0__741			0.121825		0.646667		0.661667
0.28_0.34_6.10e+00_7.32e-04_12.0__118			0.114070		0.698333		0.653333
0.28_0.34_6.10e+00_7.32e-04_39.0__380			0.122929		0.590000		0.625000
0.28_0.34_6.10e+00_7.32e-04_81.0__800			0.125706		0.576667		0.616667
0.28_0.34_6.10e+00_7.32e-04_71.0__708			0.114082		0.735000		0.698333
0.28_0.34_6.10e+00_7.32e-04_72.0__712			0.120374		0.720000		0.713333
0.28_0.34_6.10e+00_7.32e-04_70.0__697			0.122757		0.655000		0.690000
0.28_0.34_6.10e+00_7.32e-04_50.0__495			0.144674		0.640000		0.681667
0.28_0.34_6.10e+00_7.32e-04_57.0__568			0.115486		0.718333		0.663333
0.28_0.34_6.10e+00_7.32e-04_39.0__383			0.113518		0.576667		0.578333
0.28_0.34_6.10e+00_7.32e-04_84.0__834			0.149826		0.578333		0.591667
0.28_0.34_6.10e+00_7.32e-04_78.0__770			0.131272		0.580000		0.623333
0.28_0.34_6.10e+00_7.32e-04_10.0__98			0.112730		0.680000		0.640000
0.28_0.34_6.10e+00_7.32e-04_83.0__827			0.123269		0.656667		0.688333
0.28_0.34_6.10e+00_7.32e-04_89.0__888			0.113995		0.748333		0.723333
0.28_0.34_6.10e+00_7.32e-04_72.0__715			0.151213		0.593333		0.646667
0.28_0.34_6.10e+00_7.32e-04_60.0__591			0.117640		0.641667		0.620000
0.28_0.34_6.10e+00_7.32e-04_65.0__643			0.118801		0.580000		0.571667
0.28_0.34_6.10e+00_7.32e-04_47.0__465			0.143296		0.646667		0.685000
0.28_0.34_6.10e+00_7.32e-04_25.0__248			0.115184		0.681667		0.643333
0.28_0.34_6.10e+00_7.32e-04_72.0__719			0.118293		0.691667		0.708333
0.28_0.34_6.10e+00_7.32e-04_54.0__538			0.114393		0.723333		0.676667
0.28_0.34_6.10e+00_7.32e-04_76.0__757			0.122904		0.663333		0.680000
0.28_0.34_6.10e+00_7.32e-04_77.0__767			0.123396		0.658333		0.690000
0.28_0.34_6.10e+00_7.32e-04_87.0__861			0.122611		0.631667		0.636667
0.28_0.34_6.10e+00_7.32e-04_51.0__503			0.114866		0.578333		0.578333
0.28_0.34_6.10e+00_7.32e-04_89.0__885			0.148303		0.620000		0.660000
0.28_0.34_6.10e+00_7.32e-04_70.0__690			0.149287		0.581667		0.608333
0.28_0.34_6.10e+00_7.32e-04_54.0__534			0.153744		0.578333		0.591667
0.28_0.34_6.10e+00_7.32e-04_78.0__773			0.122519		0.581667		0.566667
0.28_0.34_6.10e+00_7.32e-04_30.0__298			0.115103		0.696667		0.641667
0.28_0.34_6.10e+00_7.32e-04_69.0__684			0.151146		0.576667		0.590000
0.28_0.34_6.10e+00_7.32e-04_49.0__487			0.121180		0.660000		0.675000
0.28_0.34_6.10e+00_7.32e-04_72.0__713			0.118958		0.580000		0.566667
0.28_0.34_6.10e+00_7.32e-04_33.0__329			0.116129		0.680000		0.706667
0.28_0.34_6.10e+00_7.32e-04_78.0__777			0.122592		0.678333		0.708333
0.28_0.34_6.10e+00_7.32e-04_89.0__883			0.119669		0.576667		0.565000
0.28_0.34_6.10e+00_7.32e-04_54.0__539			0.116723		0.721667		0.726667
0.28_0.34_6.10e+00_7.32e-04_38.0__370			0.126587		0.591667		0.625000
0.28_0.34_6.10e+00_7.32e-04_89.0__881			0.125125		0.645000		0.656667
0.28_0.34_6.10e+00_7.32e-04_67.0__663			0.118482		0.580000		0.571667
0.28_0.34_6.10e+00_7.32e-04_58.0__571			0.117605		0.630000		0.618333
0.28_0.34_6.10e+00_7.32e-04_36.0__350			0.124144		0.590000		0.623333
0.28_0.34_6.10e+00_7.32e-04_62.0__611			0.118062		0.636667		0.616667
0.28_0.34_6.10e+00_7.32e-04_69.0__687			0.122892		0.661667		0.696667
0.28_0.34_6.10e+00_7.32e-04_71.0__703			0.115454		0.576667		0.566667
0.28_0.34_6.10e+00_7.32e-04_56.0__554			0.147599		0.573333		0.591667
0.28_0.34_6.10e+00_7.32e-04_59.0__589			0.118424		0.680000		0.691667
0.28_0.34_6.10e+00_7.32e-04_27.0__268			0.115976		0.690000		0.643333
0.28_0.34_6.10e+00_7.32e-04_87.0__868			0.116324		0.748333		0.721667
0.28_0.34_6.10e+00_7.32e-04_59.0__582			0.120323		0.720000		0.716667
0.28_0.34_6.10e+00_7.32e-04_32.0__317			0.120673		0.648333		0.676667
0.28_0.34_6.10e+00_7.32e-04_82.0__812			0.120639		0.721667		0.720000
0.28_0.34_6.10e+00_7.32e-04_40.0__398			0.115919		0.716667		0.651667
0.28_0.34_6.10e+00_7.32e-04_80.0__798			0.113455		0.735000		0.695000
0.28_0.34_6.10e+00_7.32e-04_82.0__816			0.127398		0.555000		0.565000
0.28_0.34_6.10e+00_7.32e-04_53.0__520			0.136589		0.568333		0.606667
0.28_0.34_6.10e+00_7.32e-04_64.0__636			0.132235		0.548333		0.563333
0.28_0.34_6.10e+00_7.32e-04_90.0__898			0.112324		0.750000		0.723333
0.28_0.34_6.10e+00_7.32e-04_75.0__749			0.118714		0.688333		0.691667
0.28_0.34_6.10e+00_7.32e-04_58.0__579			0.116704		0.701667		0.710000
0.28_0.34_6.10e+00_7.32e-04_80.0__794			0.150753		0.573333		0.590000
0.28_0.34_6.10e+00_7.32e-04_87.0__864			0.149041		0.576667		0.591667
0.28_0.34_6.10e+00_7.32e-04_83.0__821			0.122369		0.638333		0.638333
0.28_0.34_6.10e+00_7.32e-04_26.0__257			0.120166		0.648333		0.658333
0.28_0.34_6.10e+00_7.32e-04_74.0__738			0.114110		0.738333		0.708333
0.28_0.34_6.10e+00_7.32e-04_79.0__784			0.149933		0.578333		0.593333
0.28_0.34_6.10e+00_7.32e-04_77.0__769			0.119236		0.690000		0.691667
0.28_0.34_6.10e+00_7.32e-04_49.0__488			0.114799		0.710000		0.660000
0.28_0.34_6.10e+00_7.32e-04_77.0__766			0.129311		0.536667		0.556667
0.28_0.34_6.10e+00_7.32e-04_81.0__802			0.119642		0.721667		0.711667
0.28_0.34_6.10e+00_7.32e-04_75.0__742			0.120326		0.721667		0.716667
0.28_0.34_6.10e+00_7.32e-04_64.0__634			0.149496		0.576667		0.598333
0.28_0.34_6.10e+00_7.32e-04_86.0__850			0.132915		0.575000		0.613333
0.28_0.34_6.10e+00_7.32e-04_20.0__196			0.145706		0.568333		0.576667
0.28_0.34_6.10e+00_7.32e-04_40.0__393			0.114192		0.575000		0.568333
0.28_0.34_6.10e+00_7.32e-04_58.0__577			0.122326		0.658333		0.656667
0.28_0.34_6.10e+00_7.32e-04_13.0__122			0.121506		0.715000		0.690000
0.28_0.34_6.10e+00_7.32e-04_39.0__384			0.156171		0.578333		0.593333
0.28_0.34_6.10e+00_7.32e-04_46.0__455			0.143315		0.648333		0.681667
0.28_0.34_6.10e+00_7.32e-04_89.0__887			0.123550		0.666667		0.706667
0.28_0.34_6.10e+00_7.32e-04_24.0__237			0.121503		0.618333		0.608333
0.28_0.34_6.10e+00_7.32e-04_61.0__609			0.117038		0.690000		0.700000
0.28_0.34_6.10e+00_7.32e-04_82.0__814			0.151765		0.573333		0.588333
0.28_0.34_6.10e+00_7.32e-04_43.0__425			0.142576		0.643333		0.700000
0.28_0.34_6.10e+00_7.32e-04_49.0__486			0.132473		0.550000		0.565000
0.28_0.34_6.10e+00_7.32e-04_60.0__594			0.155815		0.573333		0.601667
0.28_0.34_6.10e+00_7.32e-04_70.0__694			0.152464		0.576667		0.593333
0.28_0.34_6.10e+00_7.32e-04_65.0__646			0.134529		0.545000		0.563333
0.28_0.34_6.10e+00_7.32e-04_85.0__849			0.119520		0.681667		0.700000
0.28_0.34_6.10e+00_7.32e-04_74.0__732			0.119954		0.723333		0.716667
0.28_0.34_6.10e+00_7.32e-04_14.0__136			0.146577		0.570000		0.590000
0.28_0.34_6.10e+00_7.32e-04_78.0__779			0.119051		0.686667		0.703333
0.28_0.34_6.10e+00_7.32e-04_66.0__654			0.151304		0.578333		0.591667
0.28_0.34_6.10e+00_7.32e-04_85.0__842			0.123501		0.730000		0.705000
0.28_0.34_6.10e+00_7.32e-04_54.0__530			0.137781		0.565000		0.590000
0.28_0.34_6.10e+00_7.32e-04_34.0__339			0.116112		0.698333		0.706667
0.28_0.34_6.10e+00_7.32e-04_51.0__502			0.121702		0.713333		0.711667
0.28_0.34_6.10e+00_7.32e-04_35.0__349			0.116964		0.700000		0.713333
0.28_0.34_6.10e+00_7.32e-04_76.0__751			0.119727		0.618333		0.620000
0.28_0.34_6.10e+00_7.32e-04_75.0__744			0.146789		0.576667		0.596667
0.28_0.34_6.10e+00_7.32e-04_77.0__763			0.119178		0.581667		0.566667
0.28_0.34_6.10e+00_7.32e-04_64.0__631			0.121288		0.626667		0.635000
0.28_0.34_6.10e+00_7.32e-04_73.0__720			0.133357		0.576667		0.618333
0.28_0.34_6.10e+00_7.32e-04_24.0__233			0.119284		0.580000		0.570000
0.28_0.34_6.10e+00_7.32e-04_6.0__55			0.147098		0.645000		0.661667
0.28_0.34_6.10e+00_7.32e-04_50.0__494			0.151038		0.570000		0.588333
0.28_0.34_6.10e+00_7.32e-04_86.0__853			0.120297		0.580000		0.565000
0.28_0.34_6.10e+00_7.32e-04_59.0__581			0.119586		0.620000		0.620000
0.28_0.34_6.10e+00_7.32e-04_68.0__676			0.133080		0.540000		0.561667
0.28_0.34_6.10e+00_7.32e-04_86.0__852			0.123080		0.726667		0.711667
0.28_0.34_6.10e+00_7.32e-04_83.0__824			0.148655		0.573333		0.590000
0.28_0.34_6.10e+00_7.32e-04_60.0__596			0.147895		0.533333		0.553333
0.28_0.34_6.10e+00_7.32e-04_22.0__213			0.116839		0.578333		0.576667
0.28_0.34_6.10e+00_7.32e-04_90.0__891			0.122189		0.641667		0.640000
0.28_0.34_6.10e+00_7.32e-04_85.0__847			0.123971		0.670000		0.708333
0.28_0.34_6.10e+00_7.32e-04_59.0__588			0.114992		0.721667		0.671667
0.28_0.34_6.10e+00_7.32e-04_68.0__670			0.128922		0.581667		0.621667
0.28_0.34_6.10e+00_7.32e-04_89.0__882			0.119264		0.721667		0.716667
0.28_0.34_6.10e+00_7.32e-04_70.0__698			0.113249		0.740000		0.705000
0.28_0.34_6.10e+00_7.32e-04_35.0__346			0.136809		0.558333		0.570000
0.28_0.34_6.10e+00_7.32e-04_51.0__507			0.121338		0.638333		0.671667
0.28_0.34_6.10e+00_7.32e-04_32.0__314			0.154020		0.566667		0.588333
0.28_0.34_6.10e+00_7.32e-04_35.0__344			0.153983		0.568333		0.588333
0.28_0.34_6.10e+00_7.32e-04_64.0__632			0.121458		0.706667		0.705000
0.28_0.34_6.10e+00_7.32e-04_59.0__583			0.113672		0.578333		0.578333
0.28_0.34_6.10e+00_7.32e-04_70.0__691			0.119326		0.643333		0.625000
0.28_0.34_6.10e+00_7.32e-04_62.0__619			0.121061		0.675000		0.676667
0.28_0.34_6.10e+00_7.32e-04_4.0__33			0.112905		0.603333		0.591667
0.28_0.34_6.10e+00_7.32e-04_17.0__169			0.113649		0.741667		0.740000
0.28_0.34_6.10e+00_7.32e-04_73.0__725			0.151013		0.595000		0.633333
0.28_0.34_6.10e+00_7.32e-04_81.0__807			0.122994		0.655000		0.690000
0.28_0.34_6.10e+00_7.32e-04_67.0__665			0.150169		0.596667		0.631667
0.28_0.34_6.10e+00_7.32e-04_49.0__483			0.117047		0.576667		0.568333
0.28_0.34_6.10e+00_7.32e-04_36.0__358			0.114832		0.700000		0.650000
0.28_0.34_6.10e+00_7.32e-04_43.0__421			0.116742		0.620000		0.611667
0.28_0.34_6.10e+00_7.32e-04_86.0__857			0.123609		0.666667		0.706667
0.28_0.34_6.10e+00_7.32e-04_41.0__409			0.116519		0.701667		0.711667
0.28_0.34_6.10e+00_7.32e-04_36.0__356			0.143646		0.553333		0.568333
0.28_0.34_6.10e+00_7.32e-04_39.0__382			0.119764		0.716667		0.700000
0.28_0.34_6.10e+00_7.32e-04_41.0__401			0.114773		0.665000		0.643333
0.28_0.34_6.10e+00_7.32e-04_75.0__743			0.117653		0.576667		0.570000
0.28_0.34_6.10e+00_7.32e-04_39.0__381			0.118653		0.621667		0.615000
0.28_0.34_6.10e+00_7.32e-04_50.0__499			0.116409		0.700000		0.713333
0.28_0.34_6.10e+00_7.32e-04_36.0__354			0.156816		0.570000		0.596667
0.28_0.34_6.10e+00_7.32e-04_79.0__787			0.125174		0.610000		0.601667
0.28_0.34_6.10e+00_7.32e-04_53.0__525			0.145283		0.636667		0.675000
0.28_0.34_6.10e+00_7.32e-04_87.0__865			0.150665		0.623333		0.666667
0.28_0.34_6.10e+00_7.32e-04_76.0__752			0.120225		0.728333		0.718333
0.28_0.34_6.10e+00_7.32e-04_51.0__508			0.114261		0.710000		0.653333
0.28_0.34_6.10e+00_7.32e-04_34.0__332			0.122455		0.706667		0.678333
0.28_0.34_6.10e+00_7.32e-04_72.0__710			0.127698		0.580000		0.615000
0.28_0.34_6.10e+00_7.32e-04_78.0__775			0.152874		0.595000		0.640000
0.28_0.34_6.10e+00_7.32e-04_84.0__830			0.128887		0.578333		0.621667
0.28_0.34_6.10e+00_7.32e-04_59.0__585			0.147705		0.618333		0.651667
0.28_0.34_6.10e+00_7.32e-04_56.0__555			0.147221		0.623333		0.655000
0.28_0.34_6.10e+00_7.32e-04_63.0__621			0.119518		0.635000		0.620000
0.28_0.34_6.10e+00_7.32e-04_88.0__877			0.123680		0.666667		0.705000
0.28_0.34_6.10e+00_7.32e-04_73.0__726			0.131775		0.535000		0.553333
0.28_0.34_6.10e+00_7.32e-04_77.0__768			0.113223		0.736667		0.690000
0.28_0.34_6.10e+00_7.32e-04_66.0__650			0.123899		0.576667		0.610000
0.28_0.34_6.10e+00_7.32e-04_65.0__644			0.149893		0.571667		0.588333
0.28_0.34_6.10e+00_7.32e-04_84.0__839			0.120080		0.680000		0.690000
0.28_0.34_6.10e+00_7.32e-04_32.0__313			0.116690		0.580000		0.573333
0.28_0.34_6.10e+00_7.32e-04_9.0__82			0.118743		0.733333		0.710000
0.28_0.34_6.10e+00_7.32e-04_64.0__638			0.116593		0.715000		0.665000
0.28_0.34_6.10e+00_7.32e-04_53.0__529			0.116492		0.715000		0.711667
0.28_0.34_6.10e+00_7.32e-04_47.0__461			0.119864		0.638333		0.650000
0.28_0.34_6.10e+00_7.32e-04_69.0__688			0.114044		0.731667		0.693333
0.28_0.34_6.10e+00_7.32e-04_46.0__453			0.118688		0.576667		0.568333
0.28_0.34_6.10e+00_7.32e-04_54.0__532			0.120789		0.725000		0.718333
0.28_0.34_6.10e+00_7.32e-04_90.0__899			0.118358		0.686667		0.710000
0.28_0.34_6.10e+00_7.32e-04_57.0__569			0.116622		0.710000		0.718333
0.28_0.34_6.10e+00_7.32e-04_88.0__873			0.117567		0.578333		0.566667
0.28_0.34_6.10e+00_7.32e-04_67.0__660			0.131555		0.578333		0.623333
0.28_0.34_6.10e+00_7.32e-04_68.0__679			0.118404		0.685000		0.693333
0.28_0.34_6.10e+00_7.32e-04_89.0__884			0.153055		0.578333		0.588333
0.28_0.34_6.10e+00_7.32e-04_81.0__804			0.149340		0.578333		0.591667
0.28_0.34_6.10e+00_7.32e-04_71.0__701			0.119067		0.646667		0.625000
0.28_0.34_6.10e+00_7.32e-04_88.0__879			0.120912		0.688333		0.685000
0.28_0.34_6.10e+00_7.32e-04_2.0__19			0.108916		0.733333		0.746667
0.28_0.34_6.10e+00_7.32e-04_35.0__343			0.114644		0.575000		0.575000
0.28_0.34_6.10e+00_7.32e-04_80.0__790			0.130722		0.576667		0.613333
0.28_0.34_6.10e+00_7.32e-04_35.0__341			0.117254		0.620000		0.616667
0.28_0.34_6.10e+00_7.32e-04_70.0__699			0.120003		0.691667		0.696667
0.28_0.34_6.10e+00_7.32e-04_65.0__649			0.119093		0.691667		0.691667
0.28_0.34_6.10e+00_7.32e-04_34.0__336			0.134236		0.553333		0.566667
0.28_0.34_6.10e+00_7.32e-04_88.0__872			0.117951		0.726667		0.716667
0.28_0.34_6.10e+00_7.32e-04_47.0__464			0.154414		0.578333		0.591667
0.28_0.34_6.10e+00_7.32e-04_55.0__540			0.129550		0.578333		0.610000
0.28_0.34_6.10e+00_7.32e-04_87.0__862			0.119798		0.723333		0.718333
0.28_0.34_6.10e+00_7.32e-04_86.0__859			0.120201		0.680000		0.685000
0.28_0.34_6.10e+00_7.32e-04_88.0__874			0.149992		0.576667		0.593333
0.28_0.34_6.10e+00_7.32e-04_81.0__809			0.118941		0.685000		0.700000
0.28_0.34_6.10e+00_7.32e-04_73.0__727			0.122382		0.681667		0.701667
0.28_0.34_6.10e+00_7.32e-04_81.0__803			0.120616		0.583333		0.566667
0.28_0.34_6.10e+00_7.32e-04_89.0__889			0.118128		0.688333		0.711667
0.28_0.34_6.10e+00_7.32e-04_62.0__612			0.121170		0.710000		0.713333
0.28_0.34_6.10e+00_7.32e-04_80.0__799			0.119356		0.681667		0.698333
0.28_0.34_6.10e+00_7.32e-04_24.0__234			0.153055		0.575000		0.590000
0.28_0.34_6.10e+00_7.32e-04_66.0__656			0.132782		0.543333		0.556667
0.28_0.34_6.10e+00_7.32e-04_83.0__822			0.121111		0.720000		0.723333
0.28_0.34_6.10e+00_7.32e-04_7.0__64			0.153055		0.565000		0.588333
0.28_0.34_6.10e+00_7.32e-04_30.0__295			0.141355		0.653333		0.705000
0.28_0.34_6.10e+00_7.32e-04_9.0__89			0.112272		0.741667		0.733333
0.28_0.34_6.10e+00_7.32e-04_58.0__572			0.119912		0.725000		0.720000
0.28_0.34_6.10e+00_7.32e-04_43.0__422			0.120358		0.723333		0.701667
0.28_0.34_6.10e+00_7.32e-04_78.0__776			0.128825		0.535000		0.556667
0.28_0.34_6.10e+00_7.32e-04_78.0__774			0.148307		0.573333		0.590000
0.28_0.34_6.10e+00_7.32e-04_85.0__845			0.148121		0.615000		0.656667
0.28_0.34_6.10e+00_7.32e-04_90.0__896			0.126014		0.548333		0.560000
0.28_0.34_6.10e+00_7.32e-04_81.0__801			0.123627		0.636667		0.638333
0.28_0.34_6.10e+00_7.32e-04_62.0__615			0.149170		0.608333		0.661667
0.28_0.34_6.10e+00_7.32e-04_68.0__672			0.122244		0.715000		0.700000
0.28_0.34_6.10e+00_7.32e-04_25.0__240			0.123001		0.591667		0.623333
0.28_0.34_6.10e+00_7.32e-04_55.0__543			0.117564		0.580000		0.571667
0.28_0.34_6.10e+00_7.32e-04_84.0__831			0.120854		0.633333		0.631667
0.28_0.34_6.10e+00_7.32e-04_89.0__880			0.128289		0.576667		0.616667
0.28_0.34_6.10e+00_7.32e-04_39.0__386			0.134348		0.555000		0.566667
0.28_0.34_6.10e+00_7.32e-04_60.0__593			0.116946		0.580000		0.570000
0.28_0.34_6.10e+00_7.32e-04_62.0__613			0.117530		0.580000		0.571667
0.28_0.34_6.10e+00_7.32e-04_80.0__796			0.128002		0.538333		0.556667
0.28_0.34_6.10e+00_7.32e-04_14.0__135			0.140588		0.665000		0.708333
0.28_0.34_6.10e+00_7.32e-04_49.0__480			0.132914		0.596667		0.633333
0.28_0.34_6.10e+00_7.32e-04_70.0__692			0.119739		0.718333		0.711667
0.28_0.34_6.10e+00_7.32e-04_88.0__878			0.115608		0.745000		0.720000
0.28_0.34_6.10e+00_7.32e-04_65.0__642			0.120518		0.720000		0.716667
0.28_0.34_6.10e+00_7.32e-04_84.0__837			0.122612		0.661667		0.701667
0.28_0.34_6.10e+00_7.32e-04_27.0__261			0.115028		0.665000		0.645000
0.28_0.34_6.10e+00_7.32e-04_83.0__825			0.150059		0.625000		0.670000
0.28_0.34_6.10e+00_7.32e-04_25.0__249			0.116761		0.735000		0.731667
0.28_0.34_6.10e+00_7.32e-04_19.0__187			0.120019		0.683333		0.730000
0.28_0.34_6.10e+00_7.32e-04_85.0__844			0.153490		0.578333		0.590000
0.28_0.34_6.10e+00_7.32e-04_49.0__485			0.141663		0.651667		0.700000
0.28_0.34_6.10e+00_7.32e-04_58.0__575			0.145307		0.641667		0.678333
0.28_0.34_6.10e+00_7.32e-04_57.0__562			0.119844		0.715000		0.715000
0.28_0.34_6.10e+00_7.32e-04_64.0__637			0.122187		0.670000		0.686667
0.28_0.34_6.10e+00_7.32e-04_55.0__548			0.114624		0.718333		0.666667
0.28_0.34_6.10e+00_7.32e-04_55.0__544			0.154176		0.576667		0.595000
0.28_0.34_6.10e+00_7.32e-04_74.0__731			0.123478		0.641667		0.658333
0.28_0.34_6.10e+00_7.32e-04_90.0__895			0.147003		0.625000		0.665000
0.28_0.34_6.10e+00_7.32e-04_48.0__477			0.123132		0.650000		0.646667
0.28_0.34_6.10e+00_7.32e-04_79.0__785			0.148797		0.596667		0.648333
0.28_0.34_6.10e+00_7.32e-04_85.0__848			0.112548		0.741667		0.710000
0.28_0.34_6.10e+00_7.32e-04_48.0__476			0.131724		0.551667		0.563333
0.28_0.34_6.10e+00_7.32e-04_43.0__428			0.115007		0.713333		0.670000
0.28_0.34_6.10e+00_7.32e-04_53.0__521			0.117429		0.638333		0.618333
0.28_0.34_6.10e+00_7.32e-04_73.0__728			0.113951		0.740000		0.698333
0.28_0.34_6.10e+00_7.32e-04_74.0__736			0.130833		0.531667		0.555000
0.28_0.34_6.10e+00_7.32e-04_30.0__291			0.115461		0.643333		0.623333
0.28_0.34_6.10e+00_7.32e-04_85.0__841			0.122780		0.640000		0.640000
0.28_0.34_6.10e+00_7.32e-04_76.0__750			0.130647		0.576667		0.613333
0.28_0.34_6.10e+00_7.32e-04_62.0__618			0.113863		0.728333		0.673333
0.28_0.34_6.10e+00_7.32e-04_80.0__795			0.150817		0.598333		0.641667
0.28_0.34_6.10e+00_7.32e-04_49.0__484			0.153642		0.576667		0.590000
0.28_0.34_6.10e+00_7.32e-04_75.0__747			0.123433		0.671667		0.703333
0.28_0.34_6.10e+00_7.32e-04_90.0__894			0.150263		0.576667		0.591667
0.28_0.34_6.10e+00_7.32e-04_84.0__835			0.153893		0.586667		0.626667
0.28_0.34_6.10e+00_7.32e-04_78.0__778			0.115044		0.738333		0.710000
0.28_0.34_6.10e+00_7.32e-04_37.0__361			0.118482		0.620000		0.610000
0.28_0.34_6.10e+00_7.32e-04_60.0__597			0.121983		0.640000		0.675000
0.28_0.34_6.10e+00_7.32e-04_71.0__705			0.149455		0.603333		0.646667
0.28_0.34_6.10e+00_7.32e-04_90.0__892			0.119118		0.736667		0.720000
0.28_0.34_6.10e+00_7.32e-04_50.0__497			0.121495		0.656667		0.653333
0.28_0.34_6.10e+00_7.32e-04_83.0__828			0.112704		0.741667		0.700000
0.28_0.34_6.10e+00_7.32e-04_62.0__616			0.131605		0.546667		0.563333
0.28_0.34_6.10e+00_7.32e-04_68.0__674			0.151454		0.576667		0.596667
0.28_0.34_6.10e+00_7.32e-04_64.0__639			0.118755		0.690000		0.686667
0.28_0.34_6.10e+00_7.32e-04_66.0__652			0.118689		0.721667		0.715000
0.28_0.34_6.10e+00_7.32e-04_62.0__610			0.126612		0.575000		0.601667
0.28_0.34_6.10e+00_7.32e-04_60.0__599			0.115373		0.716667		0.721667
0.28_0.34_6.10e+00_7.32e-04_90.0__890			0.125558		0.578333		0.613333
0.28_0.34_6.10e+00_7.32e-04_45.0__443			0.115559		0.580000		0.575000
0.28_0.34_6.10e+00_7.32e-04_76.0__758			0.112688		0.740000		0.695000
0.28_0.34_6.10e+00_7.32e-04_76.0__756			0.127510		0.543333		0.560000
0.28_0.34_6.10e+00_7.32e-04_85.0__840			0.129392		0.576667		0.618333
0.28_0.34_6.10e+00_7.32e-04_86.0__856			0.126025		0.541667		0.561667
0.28_0.34_6.10e+00_7.32e-04_25.0__241			0.114221		0.645000		0.628333
0.28_0.34_6.10e+00_7.32e-04_86.0__855			0.155428		0.578333		0.611667
0.28_0.34_6.10e+00_7.32e-04_50.0__498			0.113816		0.703333		0.648333
0.28_0.34_6.10e+00_7.32e-04_77.0__765			0.145517		0.631667		0.675000
0.28_0.34_6.10e+00_7.32e-04_83.0__829			0.119281		0.681667		0.696667
0.28_0.34_6.10e+00_7.32e-04_50.0__490			0.131970		0.573333		0.610000
0.28_0.34_6.10e+00_7.32e-04_45.0__442			0.120235		0.725000		0.706667
0.28_0.34_6.10e+00_7.32e-04_47.0__463			0.116214		0.576667		0.570000
0.28_0.34_6.10e+00_7.32e-04_37.0__365			0.145847		0.646667		0.703333
0.28_0.34_6.10e+00_7.32e-04_44.0__437			0.120821		0.648333		0.680000
0.28_0.34_6.10e+00_7.32e-04_77.0__762			0.119773		0.723333		0.711667
0.28_0.34_6.10e+00_7.32e-04_57.0__560			0.125552		0.583333		0.623333
0.28_0.34_6.10e+00_7.32e-04_72.0__718			0.113529		0.733333		0.680000
0.28_0.34_6.10e+00_7.32e-04_61.0__602			0.121130		0.708333		0.713333
0.28_0.34_6.10e+00_7.32e-04_65.0__641			0.119067		0.631667		0.618333
0.28_0.34_6.10e+00_7.32e-04_82.0__813			0.119980		0.581667		0.566667
0.28_0.34_6.10e+00_7.32e-04_4.0__39			0.109338		0.755000		0.765000
0.28_0.34_6.10e+00_7.32e-04_68.0__678			0.116679		0.731667		0.690000
0.28_0.34_6.10e+00_7.32e-04_73.0__724			0.147578		0.576667		0.590000
0.28_0.34_6.10e+00_7.32e-04_86.0__854			0.152148		0.576667		0.591667
0.28_0.34_6.10e+00_7.32e-04_71.0__702			0.120314		0.720000		0.718333
0.28_0.34_6.10e+00_7.32e-04_63.0__625			0.148511		0.621667		0.665000
0.28_0.34_6.10e+00_7.32e-04_80.0__792			0.118374		0.728333		0.718333
0.28_0.34_6.10e+00_7.32e-04_63.0__629			0.117909		0.698333		0.713333
0.28_0.34_6.10e+00_7.32e-04_69.0__685			0.151172		0.601667		0.643333
0.28_0.34_6.10e+00_7.32e-04_61.0__604			0.150758		0.578333		0.591667
0.28_0.34_6.10e+00_7.32e-04_40.0__391			0.116021		0.646667		0.626667
0.28_0.34_6.10e+00_7.32e-04_82.0__815			0.150793		0.615000		0.655000
0.28_0.34_6.10e+00_7.32e-04_67.0__668			0.115770		0.726667		0.683333
0.28_0.34_6.10e+00_7.32e-04_88.0__876			0.141922		0.535000		0.550000
0.28_0.34_6.10e+00_7.32e-04_52.0__514			0.149528		0.576667		0.598333
0.28_0.34_6.10e+00_7.32e-04_71.0__709			0.119207		0.686667		0.690000
0.28_0.34_6.10e+00_7.32e-04_67.0__669			0.119485		0.678333		0.678333
0.28_0.34_6.10e+00_7.32e-04_41.0__405			0.140827		0.663333		0.701667
0.28_0.34_6.10e+00_7.32e-04_65.0__640			0.128501		0.571667		0.600000
0.28_0.34_6.10e+00_7.32e-04_76.0__754			0.149269		0.578333		0.591667
0.28_0.34_6.10e+00_7.32e-04_47.0__467			0.120937		0.656667		0.690000
0.28_0.34_6.10e+00_7.32e-04_68.0__675			0.152096		0.586667		0.631667
0.28_0.34_6.10e+00_7.32e-04_50.0__492			0.119897		0.725000		0.711667
0.28_0.34_6.10e+00_7.32e-04_77.0__764			0.150893		0.575000		0.591667
0.28_0.34_6.10e+00_7.32e-04_88.0__871			0.122136		0.633333		0.628333
0.28_0.34_6.10e+00_7.32e-04_76.0__759			0.118859		0.686667		0.706667
0.28_0.34_6.10e+00_7.32e-04_82.0__819			0.120548		0.681667		0.690000
0.28_0.34_6.10e+00_7.32e-04_67.0__661			0.119602		0.628333		0.626667
0.28_0.34_6.10e+00_7.32e-04_61.0__605			0.148248		0.626667		0.663333
0.28_0.34_6.10e+00_7.32e-04_73.0__721			0.120292		0.626667		0.626667
0.28_0.34_6.10e+00_7.32e-04_87.0__863			0.121824		0.583333		0.563333
0.28_0.34_6.10e+00_7.32e-04_73.0__722			0.120609		0.731667		0.716667
0.28_0.34_6.10e+00_7.32e-04_87.0__867			0.123433		0.658333		0.703333
0.28_0.34_6.10e+00_7.32e-04_73.0__723			0.119400		0.580000		0.566667
0.28_0.34_6.10e+00_7.32e-04_11.0__104			0.151778		0.561667		0.591667
0.28_0.34_6.10e+00_7.32e-04_82.0__818			0.114610		0.741667		0.710000
0.28_0.34_6.10e+00_7.32e-04_82.0__811			0.120098		0.636667		0.625000
0.28_0.34_6.10e+00_7.32e-04_58.0__573			0.114331		0.578333		0.578333
0.28_0.34_6.10e+00_7.32e-04_66.0__659			0.118408		0.681667		0.700000
0.28_0.34_6.10e+00_7.32e-04_66.0__651			0.117316		0.648333		0.630000
0.28_0.34_6.10e+00_7.32e-04_86.0__851			0.123355		0.645000		0.640000
0.28_0.34_6.10e+00_7.32e-04_84.0__838			0.112790		0.743333		0.708333
0.28_0.34_6.10e+00_7.32e-04_68.0__671			0.122591		0.636667		0.643333
0.28_0.34_6.10e+00_7.32e-04_88.0__870			0.128941		0.576667		0.613333
0.28_0.34_6.10e+00_7.32e-04_69.0__682			0.120139		0.721667		0.713333
0.28_0.34_6.10e+00_7.32e-04_73.0__729			0.119258		0.688333		0.696667
0.28_0.34_6.10e+00_7.32e-04_77.0__761			0.119584		0.628333		0.631667
0.28_0.34_6.10e+00_7.32e-04_83.0__820			0.130540		0.580000		0.623333
0.28_0.34_6.10e+00_7.32e-04_20.0__198			0.115301		0.691667		0.641667
0.28_0.34_6.10e+00_7.32e-04_82.0__810			0.127630		0.576667		0.610000
0.28_0.34_6.10e+00_7.32e-04_56.0__559			0.117354		0.671667		0.695000
0.28_0.34_6.10e+00_7.32e-04_75.0__746			0.130748		0.533333		0.550000
0.28_0.34_6.10e+00_7.32e-04_75.0__740			0.122387		0.578333		0.613333
0.28_0.34_6.10e+00_7.32e-04_74.0__735			0.149130		0.616667		0.663333
0.28_0.34_6.10e+00_7.32e-04_58.0__574			0.150122		0.578333		0.590000
0.28_0.34_6.10e+00_7.32e-04_62.0__614			0.150586		0.571667		0.591667
0.28_0.34_6.10e+00_7.32e-04_70.0__696			0.134359		0.540000		0.558333
0.28_0.34_6.10e+00_7.32e-04_96.0__957			0.123855		0.656667		0.695000
0.28_0.34_6.10e+00_7.32e-04_94.0__937			0.124464		0.665000		0.711667
0.28_0.34_6.10e+00_7.32e-04_98.0__971			0.123434		0.648333		0.650000
0.28_0.34_6.10e+00_7.32e-04_95.0__946			0.126730		0.548333		0.555000
0.28_0.34_6.10e+00_7.32e-04_92.0__910			0.125904		0.578333		0.611667
0.28_0.34_6.10e+00_7.32e-04_91.0__905			0.149958		0.641667		0.678333
0.28_0.34_6.10e+00_7.32e-04_92.0__915			0.148566		0.620000		0.655000
0.28_0.34_6.10e+00_7.32e-04_93.0__927			0.123270		0.673333		0.710000
0.28_0.34_6.10e+00_7.32e-04_99.0__981			0.123487		0.630000		0.635000
0.28_0.34_6.10e+00_7.32e-04_92.0__919			0.120116		0.683333		0.688333
0.28_0.34_6.10e+00_7.32e-04_97.0__960			0.124522		0.581667		0.610000
0.28_0.34_6.10e+00_7.32e-04_91.0__903			0.116356		0.580000		0.566667
0.28_0.34_6.10e+00_7.32e-04_91.0__901			0.124470		0.651667		0.653333
0.28_0.34_6.10e+00_7.32e-04_97.0__965			0.158456		0.576667		0.621667
0.28_0.34_6.10e+00_7.32e-04_97.0__966			0.124268		0.551667		0.573333
0.28_0.34_6.10e+00_7.32e-04_98.0__978			0.115378		0.755000		0.730000
0.28_0.34_6.10e+00_7.32e-04_96.0__950			0.121433		0.576667		0.613333
0.28_0.34_6.10e+00_7.32e-04_98.0__977			0.123818		0.671667		0.716667
0.28_0.34_6.10e+00_7.32e-04_97.0__968			0.116886		0.766667		0.735000
0.28_0.34_6.10e+00_7.32e-04_97.0__967			0.126478		0.650000		0.686667
0.28_0.34_6.10e+00_7.32e-04_92.0__914			0.149725		0.575000		0.600000
0.28_0.34_6.10e+00_7.32e-04_92.0__911			0.125049		0.648333		0.660000
0.28_0.34_6.10e+00_7.32e-04_94.0__935			0.149183		0.591667		0.631667
0.28_0.34_6.10e+00_7.32e-04_98.0__970			0.125594		0.575000		0.610000
0.28_0.34_6.10e+00_7.32e-04_96.0__956			0.131168		0.545000		0.558333
0.28_0.34_6.10e+00_7.32e-04_94.0__939			0.119945		0.705000		0.711667
0.28_0.34_6.10e+00_7.32e-04_99.0__983			0.115211		0.578333		0.565000
0.28_0.34_6.10e+00_7.32e-04_91.0__907			0.124547		0.693333		0.736667
0.28_0.34_6.10e+00_7.32e-04_99.0__980			0.127519		0.578333		0.611667
0.28_0.34_6.10e+00_7.32e-04_93.0__920			0.127438		0.576667		0.616667
0.28_0.34_6.10e+00_7.32e-04_99.0__985			0.152031		0.570000		0.618333
0.28_0.34_6.10e+00_7.32e-04_100.0__991			0.126854		0.655000		0.668333
0.28_0.34_6.10e+00_7.32e-04_97.0__969			0.122561		0.678333		0.703333
0.28_0.34_6.10e+00_7.32e-04_92.0__918			0.114186		0.753333		0.721667
0.28_0.34_6.10e+00_7.32e-04_92.0__917			0.124942		0.666667		0.698333
0.28_0.34_6.10e+00_7.32e-04_100.0__997			0.123259		0.683333		0.721667
0.28_0.34_6.10e+00_7.32e-04_100.0__992			0.119065		0.730000		0.720000
0.28_0.34_6.10e+00_7.32e-04_91.0__904			0.146537		0.576667		0.590000
0.28_0.34_6.10e+00_7.32e-04_94.0__930			0.126787		0.578333		0.610000
0.28_0.34_6.10e+00_7.32e-04_95.0__948			0.113557		0.760000		0.718333
0.28_0.34_6.10e+00_7.32e-04_94.0__933			0.116464		0.580000		0.566667
0.28_0.34_6.10e+00_7.32e-04_95.0__947			0.123819		0.655000		0.706667
0.28_0.34_6.10e+00_7.32e-04_91.0__906			0.126092		0.553333		0.573333
0.28_0.34_6.10e+00_7.32e-04_96.0__951			0.121407		0.633333		0.628333
0.28_0.34_6.10e+00_7.32e-04_91.0__900			0.124105		0.578333		0.615000
0.28_0.34_6.10e+00_7.32e-04_91.0__908			0.113272		0.743333		0.701667
0.28_0.34_6.10e+00_7.32e-04_95.0__945			0.146756		0.628333		0.650000
0.28_0.34_6.10e+00_7.32e-04_95.0__949			0.119726		0.680000		0.695000
0.28_0.34_6.10e+00_7.32e-04_94.0__934			0.147447		0.578333		0.593333
0.28_0.34_6.10e+00_7.32e-04_93.0__924			0.146767		0.578333		0.593333
0.28_0.34_6.10e+00_7.32e-04_94.0__938			0.114448		0.751667		0.730000
0.28_0.34_6.10e+00_7.32e-04_92.0__913			0.115070		0.576667		0.566667
0.28_0.34_6.10e+00_7.32e-04_97.0__961			0.126016		0.648333		0.663333
0.28_0.34_6.10e+00_7.32e-04_96.0__954			0.144207		0.570000		0.593333
0.28_0.34_6.10e+00_7.32e-04_95.0__943			0.116862		0.581667		0.566667
0.28_0.34_6.10e+00_7.32e-04_98.0__976			0.121908		0.548333		0.563333
0.28_0.34_6.10e+00_7.32e-04_99.0__982			0.121634		0.748333		0.716667
0.28_0.34_6.10e+00_7.32e-04_97.0__964			0.143413		0.578333		0.588333
0.28_0.34_6.10e+00_7.32e-04_98.0__975			0.147080		0.588333		0.621667
0.28_0.34_6.10e+00_7.32e-04_98.0__973			0.114189		0.576667		0.563333
0.28_0.34_6.10e+00_7.32e-04_95.0__944			0.147667		0.578333		0.590000
0.28_0.34_6.10e+00_7.32e-04_94.0__936			0.122099		0.545000		0.561667
0.28_0.34_6.10e+00_7.32e-04_96.0__959			0.120254		0.683333		0.691667
0.28_0.34_6.10e+00_7.32e-04_93.0__926			0.121025		0.556667		0.563333
0.28_0.34_6.10e+00_7.32e-04_100.0__994			0.148521		0.578333		0.591667
0.28_0.34_6.10e+00_7.32e-04_100.0__999			0.118674		0.698333		0.715000
0.28_0.34_6.10e+00_7.32e-04_96.0__958			0.114916		0.755000		0.723333
0.28_0.34_6.10e+00_7.32e-04_93.0__925			0.150221		0.573333		0.626667
0.28_0.34_6.10e+00_7.32e-04_92.0__916			0.128629		0.536667		0.558333
0.28_0.34_6.10e+00_7.32e-04_100.0__993			0.118686		0.576667		0.566667
0.28_0.34_6.10e+00_7.32e-04_92.0__912			0.118967		0.726667		0.713333
0.28_0.34_6.10e+00_7.32e-04_99.0__986			0.122817		0.550000		0.566667
0.28_0.34_6.10e+00_7.32e-04_98.0__974			0.145758		0.578333		0.591667
0.28_0.34_6.10e+00_7.32e-04_94.0__931			0.120596		0.635000		0.630000
0.28_0.34_6.10e+00_7.32e-04_99.0__984			0.145159		0.575000		0.590000
0.28_0.34_6.10e+00_7.32e-04_96.0__953			0.116505		0.581667		0.565000
0.28_0.34_6.10e+00_7.32e-04_93.0__923			0.116317		0.576667		0.566667
0.28_0.34_6.10e+00_7.32e-04_93.0__922			0.119787		0.731667		0.723333
0.28_0.34_6.10e+00_7.32e-04_98.0__972			0.118390		0.738333		0.735000
0.28_0.34_6.10e+00_7.32e-04_95.0__940			0.125049		0.576667		0.610000
0.28_0.34_6.10e+00_7.32e-04_96.0__952			0.119888		0.730000		0.728333
0.28_0.34_6.10e+00_7.32e-04_98.0__979			0.120466		0.683333		0.696667
0.28_0.34_6.10e+00_7.32e-04_93.0__928			0.116138		0.758333		0.735000
0.28_0.34_6.10e+00_7.32e-04_95.0__942			0.119441		0.731667		0.728333
0.28_0.34_6.10e+00_7.32e-04_91.0__909			0.118965		0.686667		0.705000
0.28_0.34_6.10e+00_7.32e-04_100.0__996			0.122994		0.556667		0.571667
0.28_0.34_6.10e+00_7.32e-04_93.0__921			0.125502		0.655000		0.665000
0.28_0.34_6.10e+00_7.32e-04_100.0__990			0.126664		0.576667		0.611667
0.28_0.34_6.10e+00_7.32e-04_100.0__998			0.112706		0.755000		0.726667
0.28_0.34_6.10e+00_7.32e-04_96.0__955			0.146462		0.611667		0.633333
0.28_0.34_6.10e+00_7.32e-04_94.0__932			0.118420		0.738333		0.725000
0.28_0.34_6.10e+00_7.32e-04_99.0__989			0.120727		0.671667		0.683333
0.28_0.34_6.10e+00_7.32e-04_97.0__963			0.116154		0.581667		0.566667
0.28_0.34_6.10e+00_7.32e-04_91.0__902			0.119697		0.731667		0.725000
0.28_0.34_6.10e+00_7.32e-04_95.0__941			0.125523		0.650000		0.660000
0.28_0.34_6.10e+00_7.32e-04_93.0__929			0.121312		0.675000		0.685000
0.28_0.34_6.10e+00_7.32e-04_99.0__987			0.124389		0.676667		0.725000
0.28_0.34_6.10e+00_7.32e-04_99.0__988			0.115507		0.758333		0.730000
0.28_0.34_6.10e+00_7.32e-04_97.0__962			0.120764		0.726667		0.718333
0.28_0.34_6.10e+00_7.32e-04_100.0__995			0.149453		0.583333		0.618333
0.28_0.34_6.10e+00_7.32e-04_79.0__789			0.118038		0.693333		0.695000
0.28_0.34_6.10e+00_7.32e-04_24.0__232			0.121799		0.710000		0.676667
